5	12
6	10
7	13
8	19
9	18
10	18
11	29
12	27
13	30
14	35
15	39
16	40
17	48
18	42
19	55
20	56
21	60
22	59
23	69
24	79
25	80
26	89
27	97
28	99
29	102
30	113
31	116
32	127
33	131
34	139
35	143
36	151
37	157
38	167
39	193
40	183
41	189
42	199
43	206
44	207
45	221
46	230
47	244
48	251
49	248
50	268
51	291
52	284
53	300
54	307
55	315
56	333
57	396
58	353
59	364
60	382
61	393
62	396
63	419
64	425
65	429
66	453
67	478
68	469
69	483
70	493
71	506
72	518
73	533
74	548
75	558
76	586
77	324
78	327
79	330
80	353
81	354
82	366
83	371
84	380
85	386
86	394
87	407
88	413
89	472
90	434
91	442
92	450
93	458
94	468
95	476
96	490
97	508
98	601
99	520
100	533
101	537
102	550
103	557
104	570
