5	3
6	3
7	3
8	3
9	4
10	3
11	6
12	4
13	3
14	10
15	3
16	3
17	11
18	9
19	3
20	3
21	31
22	5
23	7
24	38
25	33
26	40
27	28
28	52
29	44
30	58
31	57
32	83
33	57
34	70
35	67
36	78
37	85
38	4
39	93
40	94
41	98
42	105
43	105
44	113
45	117
46	124
47	129
48	135
49	140
50	143
51	145
52	155
53	164
54	162
55	168
56	177
57	183
58	190
59	197
60	198
61	208
62	214
63	226
64	230
65	236
66	238
67	247
68	262
69	261
70	265
71	273
72	286
73	292
74	301
75	306
76	319
77	328
78	334
79	337
80	346
81	359
82	365
83	377
84	381
85	390
86	401
87	410
88	419
89	426
90	444
91	447
92	457
93	469
94	474
95	483
96	496
97	507
98	514
99	525
100	534
101	543
102	554
103	567
104	575
