5	9
6	8
7	8
8	8
9	9
10	8
11	9
12	9
13	11
14	9
15	9
16	10
17	10
18	9
19	9
20	10
21	10
22	10
23	10
24	10
25	10
26	10
27	12
28	10
29	10
30	11
31	10
32	11
33	10
34	11
35	78
36	11
37	11
38	12
39	11
40	13
41	12
42	12
43	12
44	12
45	12
46	12
47	12
48	12
49	13
50	12
51	13
52	13
53	12
54	12
55	13
56	13
57	13
58	15
59	13
60	13
61	13
62	14
63	13
64	12
65	14
66	13
67	21
68	13
69	15
70	14
71	15
72	13
73	15
74	15
75	14
76	14
77	14
78	14
79	15
80	15
81	17
82	15
83	15
84	17
85	16
86	15
87	16
88	16
89	15
90	15
91	16
92	15
93	16
94	17
95	16
96	58
97	15
98	17
99	16
100	17
101	16
102	17
103	17
104	16
105	17
106	16
107	17
108	17
109	17
110	18
111	17
112	19
113	18
114	18
115	17
116	17
117	18
118	17
119	18
120	18
121	17
122	19
123	19
124	17
125	19
126	18
127	18
128	17
129	19
130	18
131	19
132	19
133	19
134	25
135	23
136	29
137	28
138	21
139	20
140	20
141	20
142	19
143	20
144	21
145	20
146	20
147	22
148	20
149	20
150	21
151	20
152	20
153	22
154	21
155	21
156	21
157	22
158	20
159	22
160	20
161	21
162	21
163	22
164	23
165	22
166	24
167	22
168	23
169	21
170	22
171	23
172	21
173	22
174	21
175	25
176	23
177	23
178	23
179	23
180	23
181	23
182	23
183	22
184	23
185	24
186	23
187	24
188	23
189	24
190	24
191	22
192	25
193	23
194	24
195	24
196	23
197	24
198	23
199	26
200	24
201	25
202	24
203	24
204	23
205	26
206	24
207	25
208	24
209	26
210	26
211	25
212	25
213	26
214	25
215	27
216	25
217	27
218	28
219	27
220	26
221	27
222	28
223	27
224	26
225	29
226	28
227	27
228	25
229	26
230	26
231	28
232	26
233	27
234	29
235	27
236	28
237	29
238	27
239	27
240	29
241	26
242	29
243	27
244	27
245	29
246	28
247	28
248	30
249	28
250	30
251	31
252	28
253	28
254	30
255	28
256	30
257	30
258	30
259	31
260	30
261	204
262	31
263	32
264	31
265	30
266	30
267	32
268	30
269	31
270	30
271	29
272	32
273	30
274	30
275	31
276	32
277	29
278	31
279	31
280	32
281	32
282	33
283	32
284	31
285	32
286	32
287	32
288	32
289	32
290	31
291	209
292	32
293	32
294	32
295	32
296	34
297	33
298	32
299	34
300	33
301	32
302	32
303	35
304	33
305	35
306	34
307	33
308	32
309	34
310	34
311	33
312	36
313	33
314	34
315	36
316	36
317	36
318	36
319	36
320	35
321	37
322	34
323	34
324	36
325	37
326	36
327	37
328	36
329	34
330	36
331	35
332	35
333	35
334	37
335	36
336	36
337	37
338	35
339	36
340	36
341	37
342	39
343	35
344	36
345	34
346	37
347	38
348	39
349	35
350	38
351	38
352	36
353	38
354	35
355	37
356	35
357	39
358	39
359	37
360	37
361	40
362	39
363	40
364	120
365	651
366	42
367	240
368	39
369	243
370	40
371	39
372	43
373	319
374	43
375	39
376	41
377	43
378	41
379	40
380	39
381	40
382	40
383	39
384	38
385	40
386	39
387	39
388	40
389	40
390	40
391	41
392	42
393	40
394	40
395	42
396	40
397	42
398	39
399	43
400	40
401	41
402	39
403	42
404	42
405	64
406	56
407	45
408	43
409	43
410	46
411	42
412	41
413	42
414	44
415	42
416	44
417	46
418	42
419	43
420	43
421	41
422	44
423	41
424	43
425	44
426	44
427	47
428	44
429	43
430	45
431	44
432	46
433	45
434	44
435	45
436	44
437	43
438	44
439	44
440	44
441	45
442	85
443	48
444	45
445	47
446	46
447	45
448	47
449	45
450	48
451	46
452	43
453	47
454	46
455	47
456	44
457	44
458	47
459	46
460	47
461	44
462	44
463	46
464	45
465	231
466	47
467	48
468	46
469	49
470	46
471	48
472	48
473	48
474	46
475	48
476	47
477	48
478	47
479	49
480	47
481	50
482	48
483	46
484	49
485	49
486	47
487	49
488	49
489	48
490	49
491	49
492	48
493	48
494	49
495	49
496	51
497	48
498	50
499	49
500	48
501	52
502	49
503	51
504	51
505	50
506	51
507	50
508	51
509	51
510	54
511	51
512	51
513	52
514	50
515	52
516	50
517	52
518	51
519	49
520	52
521	53
522	53
523	55
524	51
525	51
526	51
527	50
528	51
529	52
530	53
531	52
532	53
533	50
534	51
535	54
536	52
537	53
538	51
539	53
540	52
541	54
542	55
543	61
544	53
545	53
546	53
547	51
548	52
549	51
550	53
551	54
552	53
553	54
554	56
555	56
556	54
557	190
558	55
559	57
560	58
561	54
562	52
563	56
564	60
565	56
566	53
567	56
568	56
569	54
570	56
571	56
572	58
573	111
574	56
575	56
576	57
577	57
578	55
579	57
580	56
581	55
582	57
583	58
584	56
585	57
586	58
587	58
588	61
589	58
590	56
591	57
592	58
593	57
594	57
595	58
596	59
597	59
598	60
599	58
600	57
601	56
602	60
603	56
604	61
605	59
606	59
607	56
608	58
609	59
610	60
611	60
612	60
613	58
614	60
615	59
616	65
617	59
618	58
619	61
620	61
621	63
622	60
623	61
624	58
625	63
626	61
627	62
628	59
629	62
630	59
631	62
632	61
633	63
634	64
635	62
636	60
637	65
638	61
639	62
640	76
641	74
642	60
643	63
644	61
645	62
646	63
647	60
648	60
649	62
650	63
651	199
652	62
653	63
654	62
655	63
656	62
657	62
658	62
659	64
660	65
661	65
662	66
663	64
664	63
665	64
666	65
667	63
668	64
669	67
670	63
671	64
672	65
673	65
674	65
675	66
676	66
677	63
678	64
679	66
680	65
681	64
682	61
683	253
684	64
685	65
686	68
687	64
688	65
689	66
690	66
691	68
692	64
693	67
694	66
695	68
696	66
697	66
698	65
699	66
700	65
701	65
702	66
703	67
704	65
705	66
706	69
707	68
708	65
709	65
710	67
711	68
712	66
713	70
714	70
715	68
716	66
717	66
718	94
719	72
720	71
721	70
722	67
723	70
724	69
725	70
726	67
727	70
728	69
729	68
730	68
731	70
732	71
733	72
734	71
735	68
736	70
737	70
738	69
739	70
740	68
741	68
742	73
743	71
744	69
745	72
746	71
747	73
748	69
749	70
750	71
751	84
752	71
753	70
754	73
755	71
756	72
757	69
758	73
759	70
760	71
761	72
762	74
763	74
764	74
765	72
766	73
767	74
768	68
769	71
770	72
771	72
772	71
773	73
774	75
775	72
776	74
777	73
778	72
779	76
780	71
781	76
782	73
783	74
784	96
785	75
786	76
787	73
788	76
789	75
790	75
791	209
792	76
793	74
794	73
795	76
796	77
797	79
798	78
799	78
800	135
801	75
802	77
803	78
804	74
805	76
806	75
807	76
808	75
809	76
810	75
811	79
812	74
813	81
814	74
815	77
816	77
817	77
818	76
819	75
820	76
821	78
822	76
823	78
824	77
825	81
826	77
827	75
828	76
829	75
830	77
831	76
832	79
833	77
834	76
835	79
836	81
837	81
838	80
839	80
840	78
841	107
842	80
843	83
844	78
845	76
846	76
847	82
848	80
849	82
850	81
851	82
852	77
853	80
854	82
855	81
856	82
857	78
858	79
859	79
860	80
861	81
862	84
863	217
864	77
865	80
866	78
867	79
868	80
869	82
870	81
871	81
872	82
873	81
874	80
875	79
876	81
877	79
878	80
879	80
880	82
881	146
882	78
883	83
884	82
885	86
886	81
887	83
888	81
889	84
890	82
891	82
892	85
893	88
894	83
895	86
896	86
897	81
898	83
899	84
