5	13
6	17
7	13
8	20
9	19
10	27
11	30
12	32
13	33
14	37
15	41
16	46
17	52
18	54
19	60
20	67
21	73
22	77
23	75
24	91
25	88
26	99
27	101
28	113
29	109
30	127
31	128
32	138
33	138
34	147
35	156
36	164
37	174
38	178
39	190
40	198
41	265
42	218
43	223
44	239
45	245
46	259
47	270
48	268
49	156
50	162
51	168
52	174
53	180
54	184
55	191
56	199
57	206
58	211
59	219
60	226
61	447
62	240
63	250
64	256
65	265
66	272
67	290
68	289
69	296
70	307
71	310
72	326
73	325
74	334
75	341
76	353
77	361
78	374
79	378
80	387
81	402
82	405
83	416
84	427
85	430
86	436
87	451
88	460
89	471
90	483
91	490
92	505
93	511
94	512
95	534
96	545
97	561
98	570
99	561
100	594
101	601
102	619
103	627
104	636
