   2
1   2 
1   1 

   3
1   2 
1   1 
0   

   4
0   
0   
1   4 
1   3 

   5
0   
0   
1   5 
1   5 
2   3 4 

   6
0   
0   
1   4 
1   3 
0   
0   

   7
0   
1   3 
2   2 5 
1   5 
2   3 4 
0   
0   

   8
1   8 
0   
2   6 7 
0   
0   
1   3 
1   3 
1   1 

   9
0   
0   
0   
3   5 8 9 
1   4 
1   7 
1   6 
1   4 
1   4 

   10
1   6 
0   
0   
0   
2   6 7 
2   1 5 
2   5 9 
0   
1   7 
0   

   11
2   10 11 
1   6 
0   
0   
2   7 11 
2   2 7 
2   5 6 
0   
0   
1   1 
2   1 5 

   12
1   5 
2   3 9 
3   2 6 11 
0   
1   1 
2   3 8 
1   10 
1   6 
1   2 
1   7 
1   3 
0   

   13
1   8 
0   
1   9 
1   12 
2   6 9 
2   5 7 
2   6 10 
1   1 
2   3 5 
2   7 12 
0   
2   4 10 
0   

   14
1   3 
2   12 14 
2   1 7 
0   
0   
0   
1   3 
1   10 
2   12 13 
3   8 11 14 
1   10 
3   2 9 14 
1   9 
3   2 10 12 

   15
0   
1   3 
1   2 
1   15 
0   
2   11 12 
2   8 11 
2   7 13 
1   15 
0   
4   6 7 13 15 
1   6 
3   8 11 15 
0   
4   4 9 11 13 

-1
