5	30	1
10	78	2
15	98	2
20	149	3
25	179	3
30	214	4
35	228	4
40	286	5
45	323	5
50	372	6
55	333	6
60	395	7
65	476	8
70	482	8
75	531	9
80	583	10
85	595	10
90	634	10
95	641	10
100	703	12
105	735	12
110	768	13
115	795	13
120	857	15
125	880	15
130	911	15
135	906	15
140	1000	17
145	1015	17
150	1007	17
155	1020	18
160	1150	19
165	1132	19
170	1215	20
175	1170	19
180	1299	22
185	1304	22
190	1209	21
195	1410	24
200	1436	24
205	1397	23
210	1462	25
215	1472	25
220	1558	26
225	1566	27
230	1538	27
235	1667	28
240	1564	27
245	1663	29
250	1714	30
255	1712	29
260	1702	30
265	1866	32
270	1805	32
275	1917	33
280	1877	33
285	2044	35
290	2107	36
295	1987	35
300	2067	36
305	2124	36
310	2124	37
315	2147	37
320	2153	38
325	2336	40
330	2232	39
335	2381	41
340	2336	40
345	2463	42
350	2346	41
355	2421	42
360	2498	44
365	2548	44
370	2474	43
375	2645	46
380	2568	44
385	2637	46
390	2676	47
395	2625	46
400	2726	48
405	2676	47
410	2851	49
415	2892	50
420	2863	50
425	2955	51
430	2880	51
435	2929	51
440	2899	51
445	3013	53
450	3184	55
455	3048	53
460	3101	55
465	3206	56
470	3163	56
475	3254	57
480	3186	56
485	3289	58
490	3404	59
495	3361	59
500	3388	59
