1
	0	
2
	0	
	0	
3
	2	2 3 
	1	1 
	1	1 
4
	2	4 2 
	3	4 3 1 
	1	2 
	2	2 1 
5
	4	4 3 2 5 
	3	5 4 1 
	3	4 1 5 
	3	3 1 2 
	3	2 1 3 
6
	5	4 2 5 6 3 
	4	1 6 3 5 
	4	6 2 5 1 
	3	5 1 6 
	4	4 3 1 2 
	4	3 2 1 4 
7
	5	4 5 6 7 3 
	3	6 5 3 
	5	7 4 5 1 2 
	5	5 7 1 3 6 
	6	4 6 2 3 1 7 
	4	2 5 1 4 
	4	4 3 5 1 
8
	7	8 4 5 2 7 3 6 
	5	8 5 6 1 3 
	6	4 8 5 1 2 6 
	5	1 3 8 6 5 
	6	1 2 8 3 4 6 
	7	4 8 2 7 1 5 3 
	2	6 1 
	6	1 2 4 3 6 5 
9
	8	2 3 8 5 7 6 9 4 
	6	5 1 9 4 3 8 
	7	4 1 7 5 2 6 9 
	6	3 2 7 6 9 1 
	6	2 7 1 6 9 3 
	7	7 5 4 9 1 3 8 
	6	6 5 3 4 1 8 
	4	1 7 6 2 
	6	2 5 6 4 1 3 
10
	8	7 5 6 10 3 2 9 8 
	6	4 6 5 7 1 10 
	6	7 6 5 1 10 4 
	7	2 9 5 7 3 10 8 
	8	1 2 3 4 6 9 10 8 
	8	3 7 2 9 8 1 10 5 
	8	1 3 10 6 2 9 8 4 
	7	9 6 7 10 1 4 5 
	6	8 6 4 7 1 5 
	8	7 1 6 3 8 2 5 4 
11
	10	8 3 6 9 2 10 7 4 11 5 
	6	6 1 4 8 10 9 
	9	5 4 1 10 6 8 7 9 11 
	9	3 6 2 9 7 11 10 8 1 
	7	3 10 7 11 8 9 1 
	8	2 1 10 7 4 8 11 3 
	7	8 6 5 1 4 3 10 
	9	9 7 1 5 2 6 10 3 4 
	8	8 1 4 11 10 3 5 2 
	9	5 6 1 3 9 2 4 8 7 
	6	5 9 4 6 1 3 
12
	7	3 12 4 9 11 2 6 
	10	7 8 12 5 10 3 1 4 6 9 
	10	1 4 8 5 10 2 12 11 6 7 
	10	1 3 11 12 9 10 7 5 6 2 
	9	11 6 10 7 2 3 8 12 4 
	10	5 8 12 9 1 4 11 2 10 3 
	9	8 12 2 5 4 11 9 10 3 
	8	7 2 3 6 9 10 5 12 
	7	1 6 8 4 7 11 2 
	8	5 2 12 3 8 4 7 6 
	7	5 1 4 3 7 6 9 
	9	7 1 2 6 4 10 5 3 8 
13
	8	5 2 13 7 6 8 12 10 
	10	3 1 5 7 9 13 6 8 10 11 
	8	2 11 4 5 10 6 9 13 
	7	11 6 5 12 3 9 10 
	11	9 1 2 4 12 6 11 3 8 13 7 
	12	4 13 7 11 5 10 9 3 2 1 12 8 
	9	12 6 8 1 2 11 9 10 5 
	10	7 13 12 11 5 9 2 10 1 6 
	10	5 12 4 7 2 6 8 3 11 13 
	10	12 11 3 4 6 13 7 8 2 1 
	11	4 10 6 3 5 12 8 7 9 13 2 
	9	10 7 4 5 9 8 11 6 1 
	9	6 1 8 2 10 5 9 11 3 
14
	12	4 8 5 14 6 12 11 13 10 3 9 2 
	11	4 10 3 6 7 8 12 9 11 14 1 
	10	6 7 11 13 2 5 10 1 9 4 
	11	2 1 14 7 8 12 5 6 3 9 11 
	10	9 14 10 1 13 4 3 7 8 6 
	13	14 9 3 10 8 13 1 12 2 4 7 11 5 
	10	3 9 10 4 14 2 8 5 13 6 
	10	12 1 11 6 4 7 2 10 13 5 
	10	6 5 11 7 14 10 2 1 3 4 
	11	6 5 7 9 2 3 8 1 11 13 12 
	11	9 3 8 12 1 14 10 2 13 4 6 
	8	8 13 4 11 6 1 2 10 
	9	3 12 6 5 1 7 10 8 11 
	8	6 5 9 4 1 7 11 2 
15
	10	4 10 15 11 2 6 9 5 8 13 
	12	11 14 6 9 1 13 12 15 3 10 8 5 
	12	15 10 14 7 8 13 9 6 2 11 5 4 
	12	1 11 9 8 10 5 15 3 7 14 6 12 
	12	8 14 10 4 9 13 3 1 6 2 12 7 
	12	11 9 2 7 1 3 8 5 10 14 12 4 
	11	9 13 3 6 8 15 10 12 14 5 4 
	14	12 13 5 9 4 3 7 15 11 6 10 1 2 14 
	12	6 7 4 8 2 13 15 10 5 3 11 1 
	13	1 11 3 4 7 5 9 14 8 2 13 6 15 
	10	6 2 10 13 1 4 8 9 3 14 
	8	8 2 14 7 15 6 5 4 
	10	11 7 8 9 3 2 15 5 10 1 
	10	3 2 5 10 12 6 7 11 8 4 
	10	1 3 8 9 7 2 13 4 12 10 
16
	14	5 11 6 7 8 14 15 9 12 2 16 13 4 10 
	13	6 7 16 11 4 3 8 1 14 12 13 15 9 
	11	11 10 7 2 14 4 13 12 9 6 16 
	13	8 7 10 16 11 2 6 9 15 3 12 1 14 
	8	1 8 13 7 12 6 9 16 
	12	2 16 1 12 11 15 14 4 5 9 10 3 
	13	9 4 15 1 2 16 14 13 3 5 12 8 11 
	12	4 15 14 1 9 5 16 2 7 13 11 12 
	15	7 8 15 13 1 4 3 6 5 16 14 11 10 12 2 
	8	4 16 13 3 11 6 9 1 
	14	1 6 4 3 2 15 12 16 14 7 10 9 8 13 
	13	6 14 11 1 7 13 5 2 3 9 15 4 8 
	12	5 10 9 7 14 12 3 2 15 1 8 11 
	12	8 15 7 1 12 6 3 13 2 11 9 4 
	11	8 14 7 9 1 11 6 4 2 13 12 
	11	6 10 4 7 2 8 11 1 9 5 3 
17
	14	13 11 7 8 12 10 6 14 15 5 4 3 9 17 
	11	11 17 6 5 12 10 14 3 4 15 8 
	13	12 4 8 17 5 16 13 2 10 1 6 15 11 
	14	10 12 3 14 15 17 5 8 6 9 16 7 1 2 
	14	11 4 16 15 3 6 7 2 1 12 13 8 9 14 
	11	8 17 14 5 4 2 1 10 15 16 3 
	12	13 8 15 17 1 11 5 9 16 14 4 10 
	16	17 15 3 6 7 12 1 9 13 4 10 14 16 5 11 2 
	10	15 16 10 8 7 17 4 13 1 5 
	14	4 9 13 14 16 8 12 1 11 6 2 7 3 15 
	11	17 13 1 5 2 16 7 10 12 8 3 
	12	3 4 16 8 1 10 2 5 17 14 11 13 
	12	11 7 1 10 15 8 9 3 14 5 17 12 
	13	4 15 10 6 17 1 7 16 8 13 2 12 5 
	14	17 8 9 4 14 7 13 5 16 1 6 2 10 3 
	12	12 9 10 5 11 3 7 15 4 14 8 6 
	13	8 11 15 4 3 2 7 6 14 9 12 13 1 
18
	14	4 11 15 16 9 7 17 8 10 3 5 2 12 14 
	13	4 7 5 14 17 15 12 10 3 16 1 8 13 
	14	15 17 5 6 9 18 8 2 1 13 10 11 16 14 
	12	1 2 8 18 13 5 11 15 7 6 14 16 
	15	8 16 7 2 17 9 3 18 13 4 15 1 14 6 11 
	11	12 16 3 8 13 5 15 9 14 4 11 
	12	16 8 14 2 5 9 1 13 10 11 4 12 
	15	14 7 5 17 4 11 9 3 1 10 6 2 18 15 16 
	14	17 11 15 7 14 5 12 1 8 3 16 6 10 18 
	13	17 14 18 13 16 2 15 7 1 8 12 9 3 
	15	12 16 14 1 9 18 8 13 4 15 17 5 7 3 6 
	12	11 6 13 18 17 9 2 16 14 10 7 1 
	13	12 17 18 11 4 5 10 16 7 14 6 3 2 
	16	11 8 7 10 2 9 13 12 18 16 5 6 4 17 1 3 
	13	3 18 1 9 17 2 5 10 11 6 4 16 8 
	17	6 11 7 5 1 10 13 12 17 14 2 18 9 15 4 8 3 
	13	9 10 3 5 15 8 12 13 2 1 11 16 14 
	12	15 11 12 4 13 5 10 3 14 16 8 9 
19
	16	6 9 11 7 15 12 18 14 16 2 4 8 17 10 19 5 
	11	9 19 7 3 18 1 4 5 12 17 14 
	15	10 8 6 9 11 12 18 2 15 17 16 13 14 4 5 
	14	6 17 11 18 1 15 12 14 8 2 9 3 13 5 
	13	14 11 9 19 17 10 2 8 13 3 1 4 7 
	14	4 1 11 7 3 19 17 16 13 10 12 14 9 18 
	12	1 6 2 9 15 10 17 18 19 12 11 5 
	14	13 3 18 14 17 9 1 4 5 10 19 16 11 15 
	17	2 1 3 16 5 15 7 11 14 10 18 12 8 13 17 4 6 
	15	18 3 11 13 9 7 6 12 5 16 14 8 19 1 17 
	15	1 6 5 4 16 3 14 9 10 12 18 19 15 8 7 
	16	14 3 15 1 13 18 11 19 16 9 4 10 17 6 2 7 
	13	8 12 14 10 3 19 17 6 9 4 5 16 18 
	17	12 5 11 18 9 13 16 15 8 1 3 17 4 10 19 6 2 
	11	1 12 9 3 14 18 7 4 11 16 8 
	14	11 9 14 3 1 6 12 18 10 15 8 19 17 13 
	16	4 6 3 13 14 8 7 18 5 19 9 1 12 2 16 10 
	16	10 8 4 3 12 14 15 1 2 9 11 16 17 7 6 13 
	13	2 6 5 12 13 11 17 7 8 14 10 1 16 
20
	18	2 12 5 19 17 7 10 15 18 6 20 16 13 3 14 11 9 8 
	16	1 4 17 10 15 6 7 8 16 3 12 5 11 18 13 9 
	15	6 5 19 8 14 7 16 2 13 9 1 12 15 18 17 
	15	7 12 8 2 13 9 10 11 14 18 16 5 19 15 20 
	16	1 18 6 8 7 9 12 3 19 13 20 16 4 14 11 2 
	15	15 5 2 3 17 13 18 12 1 7 16 20 10 8 14 
	15	4 17 8 1 10 5 2 18 14 3 12 6 15 16 20 
	16	18 14 4 7 5 12 15 3 2 19 17 6 1 10 11 16 
	14	5 12 15 4 20 17 13 3 19 16 1 18 2 11 
	12	7 2 14 1 4 12 11 18 17 6 15 8 
	15	14 16 20 12 4 10 15 17 18 5 1 2 13 8 9 
	17	1 4 20 14 8 9 5 11 7 10 6 2 16 3 13 18 15 
	15	17 4 6 5 20 16 3 9 1 19 14 12 18 11 2 
	16	11 8 12 17 15 10 7 3 4 18 5 1 13 6 19 20 
	17	16 6 20 19 17 14 9 2 8 1 11 10 7 18 3 4 12 
	15	15 11 18 3 13 2 4 5 1 6 12 9 7 20 8 
	14	13 7 15 2 1 14 19 6 9 20 8 10 11 3 
	18	8 5 19 16 7 4 6 20 1 10 14 11 15 9 13 2 12 3 
	11	15 1 18 17 3 5 8 9 13 4 14 
	14	15 12 11 13 9 18 5 1 17 6 16 7 4 14 
21
	15	5 11 12 18 21 20 4 13 7 14 8 9 19 3 6 
	17	17 15 10 3 14 4 16 5 6 21 13 19 11 7 18 12 20 
	17	16 4 7 2 9 6 5 8 11 19 21 18 15 12 13 1 17 
	18	5 3 2 1 15 19 17 10 16 11 18 21 9 14 8 20 7 12 
	12	4 1 7 10 3 2 17 12 16 8 19 9 
	16	14 11 15 10 12 3 8 2 18 13 16 9 19 20 21 1 
	17	5 12 3 14 18 11 1 16 17 15 8 9 2 21 20 4 13 
	14	18 13 15 6 3 11 7 1 21 17 5 4 19 12 
	18	11 10 19 16 3 12 17 14 20 7 15 13 21 18 4 6 1 5 
	13	9 5 2 12 6 14 4 11 21 15 20 19 18 
	16	9 1 6 15 12 17 7 21 8 3 19 2 4 10 20 16 
	19	11 7 21 19 10 16 14 18 6 1 9 17 15 5 20 2 3 8 4 
	15	15 8 20 19 18 1 2 14 9 16 6 3 7 17 21 
	14	6 19 16 7 2 12 10 20 17 1 9 13 15 4 
	18	13 11 6 2 8 18 4 16 12 7 17 9 21 3 14 10 19 20 
	16	19 18 14 3 12 9 2 7 15 4 5 13 6 20 11 17 
	15	2 18 11 12 14 9 5 4 7 15 20 8 16 13 3 
	17	8 16 17 7 12 1 15 20 13 6 19 21 4 3 2 9 10 
	18	16 14 12 9 20 13 3 4 11 18 2 5 21 8 6 15 1 10 
	16	13 14 19 18 1 9 17 12 16 7 11 4 10 6 2 15 
	15	12 1 11 2 3 18 4 7 8 10 15 9 19 6 13 
22
	21	14 19 22 2 18 11 15 5 8 3 12 21 10 4 7 20 17 16 6 9 13 
	17	17 8 1 5 9 13 22 10 11 7 6 20 18 19 15 21 3 
	19	5 18 9 20 7 17 14 13 12 21 11 6 10 16 19 1 2 8 4 
	15	9 18 22 21 6 12 7 5 1 10 15 16 3 8 19 
	15	3 13 2 7 17 10 1 4 12 6 14 18 22 19 15 
	17	19 21 16 11 4 3 12 9 5 14 2 17 13 8 1 18 22 
	17	18 22 14 5 3 19 10 2 21 4 9 8 17 15 1 16 11 
	17	2 19 16 21 14 1 13 7 18 9 22 20 6 3 10 4 11 
	18	21 4 12 3 15 13 2 17 11 18 6 7 19 8 16 10 20 1 
	19	12 21 19 2 14 5 7 3 22 11 18 13 1 9 4 16 20 15 8 
	16	14 19 15 16 1 18 9 6 3 2 22 10 7 17 13 8 
	14	9 10 18 13 22 17 3 20 6 4 5 1 15 16 
	18	9 20 5 19 12 18 2 14 22 3 10 8 17 21 6 16 1 11 
	14	15 1 11 21 7 3 13 10 8 18 5 6 22 16 
	16	14 21 9 11 1 19 17 7 4 12 2 10 16 18 20 5 
	18	22 8 11 18 17 6 3 19 21 9 4 10 1 7 15 13 14 12 
	15	2 21 18 16 3 9 22 5 12 15 7 6 13 1 11 
	20	3 7 21 12 19 1 4 17 13 16 11 9 14 10 22 8 2 5 6 15 
	18	1 21 11 8 6 13 18 10 7 15 20 16 3 9 2 22 5 4 
	11	13 21 3 12 19 2 9 8 1 10 15 
	17	9 14 19 18 15 10 17 20 6 4 8 3 7 16 1 13 2 
	16	1 16 7 12 4 2 17 13 10 11 18 8 14 19 6 5 
23
	18	4 20 8 7 18 9 14 10 2 12 17 16 19 15 5 22 13 6 
	19	23 13 17 7 11 1 9 5 21 16 19 3 14 18 4 20 22 15 12 
	16	22 13 17 7 5 18 21 20 16 14 4 15 19 2 11 12 
	18	15 21 7 6 1 10 23 22 18 16 11 3 19 17 9 20 2 12 
	17	16 18 3 22 2 15 20 17 1 6 14 21 9 8 10 23 11 
	18	4 10 17 8 21 16 7 19 13 14 9 5 23 18 11 15 22 1 
	17	4 16 1 12 3 2 6 20 9 19 8 10 13 14 11 23 22 
	15	19 9 1 6 12 20 14 17 13 7 21 10 16 22 5 
	17	13 8 11 1 21 7 2 20 17 22 18 4 19 6 5 12 15 
	18	22 4 16 6 1 20 19 23 17 7 18 8 15 21 11 13 5 14 
	16	9 15 2 4 20 7 17 10 16 12 3 23 6 18 5 13 
	15	21 8 7 20 22 14 13 1 23 15 11 9 3 4 2 
	20	9 16 21 2 23 3 15 17 12 20 8 14 7 6 19 10 18 22 11 1 
	17	22 18 1 21 19 8 12 13 3 7 6 23 5 16 15 2 10 
	19	4 11 13 22 21 23 3 5 20 18 16 10 1 12 14 19 6 2 9 
	20	13 5 7 10 6 20 4 19 22 3 21 17 2 8 15 1 14 11 18 23 
	17	2 6 3 13 8 9 20 10 19 16 1 4 11 23 5 18 21 
	18	21 14 1 5 22 3 4 20 9 10 15 23 17 13 6 2 11 16 
	18	8 22 14 16 7 10 20 23 3 17 4 6 21 2 9 1 13 15 
	19	1 16 12 7 8 10 9 18 19 3 13 11 17 23 5 15 4 21 2 
	18	4 13 12 18 6 9 14 15 3 16 8 2 19 10 5 23 20 17 
	17	10 19 3 14 4 15 12 18 5 16 9 8 7 13 1 6 2 
	17	2 13 4 15 19 10 20 17 12 7 18 14 6 21 11 5 16 
24
	17	7 16 5 8 11 13 12 4 23 17 6 15 20 21 3 18 24 
	17	15 22 16 19 3 6 23 18 7 5 9 4 10 21 12 8 13 
	18	17 20 22 16 2 9 12 14 21 18 13 23 7 1 19 8 24 5 
	18	15 14 17 8 7 1 24 18 2 16 6 22 20 21 19 12 9 5 
	17	24 1 12 6 15 14 11 2 22 16 8 7 10 9 20 4 3 
	18	12 7 22 15 5 2 13 14 10 1 18 16 4 8 23 24 21 9 
	21	21 1 20 14 12 9 6 15 19 4 23 8 2 18 3 17 5 11 24 13 10 
	17	22 1 14 23 4 9 12 19 7 6 13 5 21 2 3 16 20 
	19	10 11 7 24 8 20 23 3 2 14 21 19 4 5 17 12 6 18 22 
	18	9 14 21 18 15 12 6 24 19 16 2 5 11 23 22 20 17 7 
	16	9 16 19 12 1 17 24 5 18 15 23 10 7 22 21 20 
	22	15 20 16 6 7 23 22 11 5 17 24 1 8 10 18 3 13 21 14 4 2 9 
	17	15 16 1 23 14 24 6 12 8 20 3 19 21 22 2 7 18 
	18	21 7 4 10 24 22 8 15 13 18 6 5 3 17 9 12 23 20 
	19	4 12 13 2 23 21 14 10 7 6 20 5 19 22 1 17 11 16 18 
	19	12 11 1 13 3 18 20 17 2 19 23 6 4 5 15 10 22 24 8 
	18	18 3 4 16 11 12 20 19 1 14 15 24 22 7 23 9 10 21 
	20	22 17 16 23 10 14 19 2 12 7 6 11 24 4 20 3 15 1 13 9 
	16	11 2 7 8 18 16 17 15 20 10 13 4 9 3 22 21 
	19	12 3 7 16 15 9 17 24 19 1 13 18 4 22 5 10 14 11 8 
	19	7 23 24 14 10 15 22 3 12 1 9 4 13 8 2 6 11 19 17 
	21	18 8 2 3 12 14 6 21 23 5 15 24 4 17 20 16 19 10 11 13 9 
	18	21 15 12 18 8 13 1 2 22 9 7 16 6 3 11 17 10 14 
	18	5 21 14 9 12 11 13 20 4 10 18 22 17 6 7 16 3 1 
25
	20	14 18 24 17 23 19 13 20 4 10 12 8 16 15 11 3 9 22 21 7 
	21	11 5 14 6 16 23 7 4 22 19 3 13 9 21 25 24 20 18 15 10 12 
	17	5 14 9 12 11 24 2 4 18 15 10 25 22 1 7 13 23 
	19	16 17 7 8 25 10 13 19 20 2 1 3 12 6 21 23 5 9 18 
	18	2 23 3 24 17 16 20 25 19 9 10 4 8 12 15 7 21 22 
	18	10 23 9 20 2 18 14 8 4 24 15 7 19 25 22 11 21 17 
	21	4 23 10 17 12 16 2 24 19 25 20 6 18 8 22 3 5 13 1 21 9 
	17	15 17 4 24 9 20 6 12 10 1 23 25 13 5 19 7 14 
	21	16 17 6 23 14 22 10 3 24 8 12 5 2 20 19 4 1 21 15 7 11 
	18	6 25 7 17 24 4 9 11 14 1 3 8 5 16 12 2 23 13 
	17	2 19 25 20 10 12 18 3 22 16 13 1 15 14 17 6 9 
	22	13 21 7 19 11 18 3 25 14 24 9 4 22 17 8 1 10 15 16 5 2 20 
	19	23 19 24 12 16 22 1 4 2 21 20 11 8 17 25 10 3 15 7 
	18	16 1 19 24 9 20 2 25 3 10 6 17 12 23 15 11 21 8 
	18	23 24 8 22 20 17 19 18 3 1 6 11 14 12 2 5 9 13 
	18	14 9 24 4 18 13 2 7 20 5 22 25 11 23 1 10 12 19 
	21	24 8 4 9 7 1 10 18 15 5 14 19 22 23 12 25 20 13 11 21 6 
	17	1 16 6 17 23 12 11 22 24 19 20 15 3 2 4 7 21 
	21	11 14 13 22 1 12 4 20 17 2 15 18 7 5 21 9 23 6 24 8 16 
	22	6 14 23 15 11 1 16 19 8 4 5 18 24 9 13 2 7 17 22 21 25 12 
	17	24 12 22 13 2 19 4 20 9 14 18 1 17 5 6 7 25 
	20	24 15 19 13 9 2 18 21 17 23 12 11 16 3 20 6 7 1 5 25 
	21	15 5 13 6 7 9 1 20 2 24 18 22 17 25 14 19 16 4 8 10 3 
	21	17 15 22 16 13 1 21 14 8 10 5 23 9 3 7 18 12 20 6 2 19 
	18	10 11 4 14 12 5 16 17 2 23 3 7 8 6 13 20 21 22 
26
	19	24 15 18 2 19 13 21 11 9 8 4 22 16 20 7 6 23 5 10 
	23	15 20 16 11 22 23 26 10 1 3 8 24 19 12 14 25 21 7 18 17 4 5 13 
	18	25 5 4 23 26 13 9 24 20 2 21 12 6 17 8 16 19 7 
	18	7 15 12 3 5 23 14 8 1 25 16 17 2 20 24 9 19 6 
	20	15 17 3 21 26 8 9 4 13 10 24 6 19 23 7 25 16 2 14 1 
	19	19 10 15 8 17 14 23 25 13 7 5 11 3 21 9 1 16 4 26 
	21	4 24 9 15 10 22 17 6 13 5 2 26 18 16 23 14 11 1 25 21 3 
	21	5 6 23 2 22 17 4 18 14 1 25 19 16 9 26 13 15 11 12 3 20 
	21	23 12 19 10 3 14 7 5 22 17 26 1 20 24 11 8 25 21 13 6 4 
	19	9 6 24 14 2 26 7 19 15 5 25 16 12 17 23 20 13 11 1 
	18	22 16 2 13 12 1 6 26 15 9 8 20 23 7 19 24 17 10 
	21	9 20 4 18 14 23 11 2 21 3 26 25 16 17 10 22 8 24 13 19 15 
	20	26 23 3 14 18 11 5 1 24 25 6 19 7 8 16 17 9 2 12 10 
	17	22 12 9 13 10 21 4 6 2 8 20 18 26 16 5 7 19 
	19	5 2 4 24 16 1 6 21 7 10 23 11 8 22 25 20 17 18 12 
	24	2 11 20 24 19 23 15 25 17 26 21 10 8 12 4 22 18 13 1 14 5 7 3 6 
	22	5 16 6 21 19 9 8 7 24 20 18 12 10 4 23 2 13 3 25 15 11 26 
	16	12 1 13 8 24 14 17 19 16 2 26 7 23 22 25 15 
	23	21 9 16 6 23 26 20 1 2 10 17 24 5 25 13 8 18 3 4 11 22 12 14 
	20	2 16 12 3 21 25 19 22 14 17 9 26 11 4 10 15 8 1 23 24 
	18	19 5 24 14 15 20 22 17 3 26 16 12 1 2 9 23 6 7 
	17	11 14 2 9 21 8 24 7 20 23 1 12 16 15 26 18 19 
	24	9 13 16 3 19 2 26 4 8 12 15 25 6 5 22 24 17 21 10 11 18 7 20 1 
	22	1 15 16 21 26 25 7 10 3 2 22 13 5 19 17 18 9 23 4 12 11 20 
	19	3 16 24 20 23 10 6 13 2 19 8 12 4 9 15 5 17 7 18 
	21	13 3 5 24 2 16 19 10 23 21 9 12 11 8 7 14 20 18 22 6 17 
27
	24	9 15 2 16 26 12 25 4 20 11 19 10 23 21 17 5 27 13 14 6 7 22 18 3 
	21	19 1 26 10 15 20 16 17 12 18 14 23 4 8 6 22 13 5 21 9 11 
	20	16 15 10 27 14 4 22 17 18 11 9 20 23 7 19 24 21 6 8 1 
	20	7 5 24 3 11 1 26 14 10 27 2 18 19 13 6 8 25 12 20 9 
	19	16 4 20 23 8 12 9 25 13 19 22 1 17 7 6 2 18 10 11 
	21	15 22 25 24 10 12 21 26 17 2 11 5 23 7 4 18 13 9 1 3 14 
	21	15 4 19 17 12 23 27 8 20 11 14 10 5 22 3 9 6 1 16 25 26 
	17	13 15 9 23 5 24 19 16 7 21 26 2 12 27 4 22 3 
	21	1 8 27 26 5 10 3 22 14 13 21 24 15 25 7 23 19 6 2 16 4 
	21	24 11 6 3 16 26 13 14 2 27 23 1 4 9 25 18 7 19 5 12 17 
	22	10 21 14 13 4 17 27 20 1 18 3 7 12 6 15 23 19 2 5 24 25 22 
	22	6 1 5 21 17 2 20 7 14 27 18 24 16 23 26 11 22 8 25 13 4 10 
	24	8 27 21 14 16 11 17 10 24 5 25 20 23 9 4 2 1 12 6 19 15 18 22 26 
	21	13 27 11 3 10 26 4 23 25 12 2 9 15 16 7 20 17 1 19 24 6 
	19	6 3 1 7 8 19 25 18 2 26 23 17 14 22 9 27 11 24 13 
	20	5 3 13 1 10 26 19 25 2 27 8 14 22 12 18 23 20 7 9 24 
	21	27 13 7 11 3 12 2 19 6 24 15 21 1 23 20 5 14 18 26 10 25 
	20	23 15 3 27 2 11 22 21 26 24 10 19 12 4 16 17 6 5 13 1 
	23	2 7 15 16 1 8 17 5 23 27 18 26 4 10 24 21 9 3 22 11 13 14 25 
	19	22 24 5 11 2 1 12 7 13 21 3 14 23 17 27 16 26 4 25 
	19	11 13 25 6 12 18 1 8 26 17 20 23 24 22 9 19 2 3 27 
	21	6 20 3 25 18 9 5 21 16 15 2 12 26 7 27 19 24 8 13 1 11 
	22	18 8 26 5 10 14 1 7 15 2 13 21 19 3 17 20 12 9 6 11 16 24 
	20	10 6 20 4 13 8 27 17 18 21 12 9 19 15 22 3 11 14 23 16 
	20	6 21 15 1 16 22 5 14 13 10 27 12 9 4 26 20 17 7 11 19 
	21	1 23 2 16 10 9 4 15 14 6 18 21 8 19 12 22 17 25 13 20 7 
	21	13 17 14 9 3 10 11 18 24 16 4 7 25 19 12 1 8 15 22 20 21 
28
	26	3 18 14 15 21 4 5 17 25 20 28 13 9 24 6 16 10 27 19 2 26 12 23 8 22 11 
	21	14 18 4 26 19 7 11 16 22 9 27 21 17 6 10 5 1 25 12 3 13 
	20	1 25 10 4 23 11 20 15 27 9 17 24 6 22 16 21 18 26 19 2 
	20	3 6 2 1 21 13 7 10 20 22 27 19 5 12 25 17 11 24 26 9 
	21	7 1 18 26 20 11 23 17 27 4 10 24 19 8 2 12 14 15 6 13 9 
	22	4 11 28 23 22 13 27 12 24 9 1 15 14 2 3 18 19 20 21 7 5 16 
	20	14 5 15 26 22 17 2 4 9 27 21 20 19 8 11 18 16 6 28 10 
	16	22 25 12 28 14 24 21 7 20 5 23 16 15 1 18 9 
	26	13 25 17 21 11 24 7 20 2 12 1 3 19 6 18 16 27 14 22 15 4 23 5 10 28 8 
	22	22 3 17 11 20 27 23 24 4 1 19 28 5 12 2 14 15 21 16 9 7 18 
	22	28 10 26 25 6 3 9 20 19 2 24 21 5 23 18 12 27 7 22 4 15 1 
	22	23 19 8 18 28 9 6 26 13 17 22 25 4 20 10 11 16 5 15 2 1 21 
	19	9 17 16 4 1 20 19 6 15 28 12 14 24 25 18 22 23 5 2 
	23	7 27 25 2 1 22 19 8 26 21 23 28 15 6 13 9 18 16 5 24 10 17 20 
	24	27 1 16 7 20 25 3 28 13 26 14 6 21 22 23 17 24 12 8 5 9 10 11 18 
	21	15 23 13 2 20 24 1 18 17 28 9 21 19 3 22 12 14 7 8 6 10 
	22	9 10 20 13 1 19 7 25 23 26 3 12 5 16 2 24 15 18 28 4 21 14 
	21	1 28 19 2 12 5 21 27 16 11 9 6 17 3 7 13 14 24 15 8 10 
	24	18 12 24 28 14 17 11 2 23 27 13 9 10 4 7 25 16 6 1 5 21 3 20 22 
	23	24 17 15 25 10 11 3 1 13 5 9 16 4 7 12 28 6 8 27 19 22 14 23 
	23	22 9 24 1 26 18 4 28 14 11 7 15 2 16 8 3 25 27 17 19 6 10 12 
	23	21 10 8 14 7 23 6 2 28 24 4 12 15 3 16 9 11 27 13 20 19 26 1 
	20	12 27 3 16 6 10 22 19 17 14 28 5 11 15 8 13 1 25 9 20 
	23	28 20 19 21 9 10 16 6 26 11 8 22 3 1 25 17 27 5 13 15 4 14 18 
	20	3 9 28 14 8 26 27 20 11 1 15 17 19 24 12 21 13 4 2 23 
	17	25 7 2 11 28 21 5 17 14 24 15 12 27 3 1 22 4 
	21	14 15 23 25 10 19 3 2 6 7 18 4 5 9 24 1 11 26 21 22 20 
	22	18 25 24 19 11 26 6 1 21 8 15 12 22 13 14 23 16 10 20 17 7 9 
29
	25	27 8 4 9 29 21 18 26 22 15 5 13 16 7 28 3 20 12 23 17 25 6 24 10 14 
	22	21 4 9 20 29 28 22 14 16 6 8 27 17 11 10 5 24 12 3 26 13 7 
	21	5 12 20 19 15 7 22 13 9 28 11 1 23 2 4 27 14 10 17 24 8 
	25	2 8 1 20 24 25 16 13 10 14 27 9 11 21 18 19 3 15 12 22 5 23 26 17 7 
	23	22 3 25 27 24 1 23 2 6 26 9 28 29 17 16 13 12 4 10 11 21 8 19 
	22	28 24 10 7 27 21 19 2 11 15 14 29 5 22 8 13 18 1 12 26 20 23 
	22	25 11 10 27 6 28 18 20 23 3 9 19 1 16 24 26 8 22 2 12 4 13 
	22	19 4 1 14 10 16 2 28 21 6 9 23 15 11 25 7 20 22 13 5 26 3 
	24	2 1 29 18 14 27 13 21 23 17 7 12 3 4 16 10 5 8 20 19 22 11 28 25 
	24	6 7 17 27 19 25 8 14 4 12 2 23 24 9 29 22 13 5 1 3 21 28 15 20 
	22	14 7 27 6 13 2 4 23 3 25 28 8 24 18 5 29 16 22 12 9 19 17 
	21	16 15 28 23 22 24 3 19 21 25 9 10 2 1 5 4 6 11 27 7 17 
	25	25 21 29 18 23 4 9 27 11 3 15 17 1 5 24 6 22 2 10 26 8 20 19 7 28 
	21	18 8 11 21 17 2 9 19 25 26 22 10 6 4 20 24 23 29 28 3 1 
	19	12 28 16 19 26 3 6 13 1 17 21 8 4 29 25 27 24 10 18 
	21	12 15 4 2 28 24 8 27 21 9 1 23 5 18 22 7 20 25 11 17 26 
	23	20 18 28 14 10 9 21 13 2 15 27 5 29 23 1 16 22 4 25 3 24 12 11 
	18	17 14 22 27 13 28 9 7 1 19 20 4 16 24 6 11 23 15 
	22	8 23 28 26 10 6 14 15 12 3 29 22 7 25 18 4 27 9 20 11 13 5 
	24	17 4 2 21 3 7 29 14 24 25 23 28 18 1 22 27 16 9 8 19 13 6 26 10 
	20	2 14 13 6 29 1 20 9 12 16 8 17 23 15 4 26 5 22 24 10 
	26	29 18 5 25 12 27 2 14 1 19 3 24 6 20 16 23 13 10 4 21 26 17 11 7 9 8 
	25	19 12 13 7 9 25 26 5 20 28 10 21 11 14 29 16 24 3 8 22 17 1 4 18 6 
	24	26 6 4 25 28 12 16 5 20 10 22 14 2 23 18 13 7 11 29 15 21 1 17 3 
	22	13 22 24 7 5 4 10 26 14 23 12 20 19 11 8 1 15 16 17 29 9 28 
	21	24 19 27 28 25 15 14 1 23 5 21 2 7 22 16 4 29 6 13 20 8 
	21	1 22 18 7 6 10 26 11 9 5 13 16 2 4 17 20 28 19 15 3 12 
	24	6 12 19 24 17 15 2 7 18 26 16 8 23 3 20 5 1 27 11 14 10 9 13 25 
	19	22 2 13 21 9 1 19 20 6 23 5 10 17 15 14 24 11 26 25 
30
	21	24 16 23 7 25 22 29 20 8 11 18 3 12 9 26 6 15 19 5 10 4 
	23	10 30 27 23 21 28 26 13 25 9 8 17 15 5 3 22 12 24 6 4 16 20 7 
	25	24 30 27 14 13 19 7 9 6 25 1 2 5 22 15 29 11 16 10 18 28 26 8 4 23 
	27	5 8 25 12 22 21 23 19 27 9 15 14 26 29 2 18 28 16 17 30 20 6 1 24 3 10 13 
	21	4 17 7 22 14 27 16 23 11 25 2 8 28 15 3 10 19 13 29 1 26 
	24	23 8 17 26 27 12 25 3 7 30 24 13 9 18 1 14 15 2 22 11 29 21 16 4 
	24	23 12 1 5 8 28 9 3 29 22 20 16 15 13 26 30 6 17 24 21 25 19 18 2 
	24	20 4 6 16 29 7 14 19 15 28 1 2 30 23 5 18 10 21 12 13 9 25 24 3 
	23	22 29 12 28 7 24 10 3 2 30 11 26 4 14 1 19 6 27 18 20 8 16 21 
	21	11 2 18 17 9 27 20 21 22 8 29 12 5 28 26 19 23 3 1 4 30 
	21	10 23 29 16 27 12 30 15 26 25 5 20 1 9 21 18 17 19 13 3 6 
	25	13 7 9 21 22 4 24 20 18 26 11 27 6 16 14 1 15 10 17 28 8 2 23 30 29 
	26	22 12 25 20 24 23 3 16 2 18 7 28 17 15 29 27 14 6 11 8 30 5 21 26 19 4 
	21	20 5 24 8 16 3 18 22 29 27 26 12 9 15 13 19 4 25 30 23 6 
	25	30 27 23 26 16 11 7 8 13 20 2 4 17 12 14 5 3 18 22 21 1 6 25 29 28 
	26	22 24 11 1 8 25 30 5 15 14 13 7 28 19 18 12 23 3 17 20 29 6 4 2 9 26 
	20	23 5 22 25 10 6 19 29 13 2 21 26 11 7 15 20 12 16 18 4 
	25	19 10 12 28 14 25 13 30 27 16 1 21 22 11 26 8 29 6 15 9 3 17 4 20 7 
	22	18 24 8 3 17 27 16 4 25 22 30 26 28 9 14 11 10 5 7 1 21 13 
	23	14 8 21 27 13 12 7 1 22 11 30 15 10 17 29 24 9 16 28 18 4 2 23 
	23	22 25 20 12 2 4 23 29 17 18 11 26 10 28 8 30 7 27 15 13 19 6 9 
	25	21 9 13 16 17 5 12 23 4 1 14 7 24 20 19 18 10 25 26 2 3 15 6 29 30 
	22	6 30 17 11 7 1 24 15 13 22 2 21 5 4 8 12 10 14 16 26 20 3 
	21	3 30 19 1 16 23 13 14 12 9 22 25 26 7 6 2 20 28 8 29 4 
	24	21 29 28 13 4 27 16 1 17 26 18 2 11 6 3 19 5 24 22 14 7 30 15 8 
	25	15 12 6 25 2 11 7 29 14 9 21 17 18 19 24 22 1 10 4 23 3 13 16 5 30 
	20	30 15 25 20 5 2 3 11 6 12 14 19 18 4 10 13 29 28 9 21 
	20	25 29 9 7 2 18 16 8 13 19 5 21 27 10 12 24 3 15 4 20 
	25	25 11 9 28 8 7 14 1 21 26 17 13 27 10 18 20 3 4 15 5 22 6 16 12 24 
	24	15 27 23 24 2 3 16 11 18 7 9 20 6 8 19 21 12 14 13 25 4 22 26 10 
31
	28	24 11 16 20 14 31 10 19 9 12 21 22 15 2 29 3 18 25 27 23 28 5 13 26 7 17 4 6 
	24	24 30 3 31 17 23 15 26 21 5 8 6 12 1 7 20 9 4 18 16 25 22 10 11 
	23	30 28 15 2 12 23 24 31 14 10 21 18 20 4 13 1 26 9 6 8 16 11 19 
	25	30 29 18 24 16 25 7 19 20 13 8 5 10 26 28 3 6 17 9 14 15 23 2 11 1 
	25	21 22 6 9 19 27 2 4 24 12 14 11 29 28 20 26 31 1 25 16 18 15 8 7 30 
	26	20 10 5 25 7 22 12 24 16 11 30 2 23 28 4 9 17 29 31 21 3 18 8 1 27 19 
	21	18 6 4 12 13 25 27 22 2 31 28 19 29 20 1 14 10 23 5 8 30 
	25	20 23 16 10 18 30 19 4 26 28 15 9 2 17 29 11 31 3 14 25 5 12 21 7 6 
	23	30 26 17 5 13 27 31 1 16 22 8 18 21 12 19 6 10 2 4 28 3 25 29 
	27	30 6 8 26 27 20 1 31 19 18 23 4 3 17 25 14 24 12 15 9 22 29 13 7 11 2 28 
	23	1 31 12 22 29 21 26 6 15 8 5 18 16 23 13 28 4 10 24 19 2 30 3 
	26	28 21 22 3 11 20 7 1 16 25 6 17 13 2 5 15 27 9 10 18 31 19 26 24 8 29 
	24	28 18 25 29 31 9 30 24 7 4 26 12 20 17 3 27 16 15 22 11 1 19 10 23 
	17	18 1 22 17 16 3 21 10 5 15 26 19 27 4 8 7 30 
	25	3 28 20 18 2 23 21 25 8 27 1 11 16 12 31 13 14 10 4 30 5 19 22 17 24 
	24	19 8 1 18 4 20 12 9 21 6 14 31 25 15 17 13 11 26 5 27 2 23 22 3 
	23	28 9 2 14 31 27 12 23 10 13 8 16 20 19 6 4 22 15 18 1 24 26 29 
	27	13 14 7 8 20 16 15 4 21 10 9 23 3 1 28 11 12 22 29 26 27 6 5 2 31 17 30 
	24	16 8 21 30 4 5 1 10 9 7 17 14 23 29 13 12 22 15 26 24 11 6 20 3 
	24	6 31 8 22 15 1 18 12 10 16 4 23 26 21 13 25 3 2 17 27 5 7 28 19 
	24	30 24 31 5 27 12 19 1 29 11 15 18 16 2 28 20 22 3 14 9 23 6 25 8 
	24	5 20 31 12 27 14 11 6 24 9 1 21 26 7 10 17 18 13 29 19 15 2 16 25 
	24	8 24 3 2 20 15 26 10 17 28 6 18 25 30 1 27 11 19 21 4 13 7 16 29 
	23	1 2 30 21 23 4 29 26 22 13 3 6 27 5 25 10 28 31 12 19 11 15 17 
	23	13 27 6 4 26 7 12 15 16 10 20 24 30 29 23 1 31 5 21 8 9 2 22 
	26	9 10 28 24 25 2 11 8 13 23 20 27 22 4 3 14 5 29 18 30 31 1 16 12 19 17 
	23	25 21 10 31 22 9 17 5 26 15 7 24 13 12 20 1 23 30 14 18 16 28 6 
	24	17 3 13 15 12 26 8 21 31 23 4 6 5 18 30 1 7 24 9 11 20 27 29 10 
	22	4 13 24 11 21 8 1 25 5 26 6 7 10 18 19 22 31 28 12 17 23 9 
	22	21 9 3 4 10 24 2 8 13 19 6 25 23 28 27 26 15 5 7 18 11 14 
	25	20 11 21 22 13 27 2 1 9 10 17 3 16 28 7 15 25 8 5 12 6 26 24 29 18 
32
	26	6 25 28 13 18 23 27 3 22 10 32 9 2 11 4 7 8 26 17 24 12 19 31 21 5 30 
	26	9 5 16 11 32 14 1 28 15 21 25 17 30 12 6 20 3 29 27 24 26 31 7 18 4 23 
	25	23 25 20 1 14 7 11 6 32 24 22 26 18 17 2 10 16 30 12 21 27 28 29 19 15 
	24	32 17 16 8 7 28 15 29 20 23 30 11 13 24 31 1 18 9 19 26 14 22 6 2 
	21	29 17 20 2 27 21 22 18 14 16 19 11 30 24 15 13 6 26 10 1 31 
	28	19 1 18 26 32 20 12 10 23 8 7 17 3 28 9 15 29 2 14 16 24 13 22 30 5 27 4 25 
	24	9 16 8 21 4 32 15 3 24 6 30 29 28 12 23 22 25 1 17 11 19 14 2 27 
	20	29 12 7 14 4 11 19 20 26 6 30 21 18 23 1 15 13 24 9 10 
	24	21 7 12 2 25 10 29 27 24 11 6 1 26 16 20 32 30 13 4 31 23 19 18 8 
	23	29 13 28 12 18 25 26 6 9 30 19 1 16 14 32 20 3 22 5 15 23 21 8 
	26	23 15 8 16 30 29 2 28 17 25 14 19 3 9 27 32 31 18 4 1 21 5 20 22 7 12 
	25	8 19 21 9 10 6 29 31 24 13 20 23 7 32 27 25 22 2 15 3 28 1 17 11 18 
	22	10 19 1 16 20 12 18 23 4 21 29 6 9 15 31 24 8 30 27 14 5 26 
	24	8 30 20 3 17 11 21 2 5 26 27 10 6 15 22 23 25 18 28 7 13 4 29 31 
	26	23 11 24 4 7 21 16 26 18 2 6 20 32 28 30 14 8 12 29 13 27 5 19 10 17 3 
	23	7 4 17 11 23 2 13 24 32 15 31 10 29 5 25 30 9 22 26 6 3 28 27 
	26	5 4 25 16 18 29 21 32 20 11 14 27 6 2 3 7 1 23 24 12 30 26 22 31 15 28 
	26	6 19 32 23 1 10 27 17 24 28 5 26 31 13 15 8 11 3 20 30 4 14 2 29 9 12 
	25	6 18 13 12 8 31 22 27 11 10 29 24 5 21 32 1 26 4 7 20 15 30 9 3 23 
	25	5 25 22 8 6 14 3 13 17 4 32 29 12 15 26 21 2 10 18 11 9 24 19 23 27 
	25	9 7 12 32 17 23 26 14 5 15 8 30 2 19 13 20 11 25 3 27 22 1 31 24 10 
	23	29 20 19 24 32 5 1 28 3 26 7 12 16 25 31 30 14 11 6 21 10 17 4 
	27	29 3 28 15 11 18 16 1 6 21 4 12 13 8 7 32 26 14 31 17 27 9 30 10 20 2 19 
	26	27 25 30 15 18 28 12 22 16 7 26 9 19 3 4 6 1 17 5 32 13 20 31 2 21 8 
	23	1 24 20 17 28 3 10 9 32 11 31 30 29 2 12 7 16 22 27 21 26 14 6 
	28	6 30 10 8 21 29 18 24 15 14 9 22 3 28 20 16 23 1 25 31 19 17 4 5 2 13 27 32 
	26	32 24 18 1 5 19 17 9 11 14 12 29 25 30 15 21 3 13 23 2 28 16 6 26 7 20 
	24	1 23 10 25 4 24 11 18 29 22 32 6 7 2 15 26 30 31 12 14 3 16 27 17 
	26	8 5 10 23 22 17 12 4 9 11 28 20 19 26 7 16 25 30 6 13 27 15 2 3 14 18 
	29	14 26 24 11 8 10 7 21 25 4 29 2 31 28 16 15 18 27 3 9 22 5 6 17 13 19 23 1 32 
	21	19 12 25 16 18 11 30 4 28 22 26 23 1 9 13 24 2 21 17 14 5 
	25	4 27 18 6 21 7 25 17 20 22 16 2 28 3 1 11 10 12 23 15 9 19 24 30 26 
33
	27	12 10 18 28 9 6 17 2 32 22 11 27 14 16 3 15 23 21 30 20 7 13 25 31 33 24 26 
	25	18 26 20 28 24 22 1 4 23 5 7 12 33 17 21 3 9 14 6 8 30 15 11 29 27 
	25	22 33 18 24 26 7 1 25 28 2 21 12 9 14 11 15 31 13 10 4 20 16 6 19 23 
	24	12 11 24 23 7 14 2 32 20 8 15 6 13 16 9 18 26 22 3 19 10 33 28 29 
	24	14 11 19 22 7 6 27 21 28 9 30 18 2 24 15 25 33 29 17 16 13 20 8 26 
	27	25 7 17 5 16 23 29 11 1 21 31 8 26 22 33 28 15 27 4 18 30 12 2 24 20 9 3 
	30	20 28 31 6 25 32 12 21 5 4 22 2 30 3 11 33 26 9 18 15 1 8 29 14 17 16 24 13 10 23 
	22	26 12 31 14 19 18 10 15 6 16 4 25 21 20 33 7 2 5 9 24 22 27 
	28	11 1 16 5 24 14 20 28 32 19 7 4 3 18 25 27 2 29 33 23 15 6 17 26 30 31 8 21 
	22	1 28 24 8 27 18 30 22 25 19 14 31 13 33 3 15 20 4 21 7 26 12 
	23	5 4 9 17 13 30 6 20 1 32 7 14 16 31 3 18 15 24 33 26 2 28 21 
	27	4 1 8 20 25 21 7 32 26 30 33 14 23 22 17 13 2 27 28 29 3 16 15 18 6 19 10 
	25	30 17 28 33 31 11 18 21 29 14 22 15 12 26 19 16 4 20 10 1 5 25 3 32 7 
	26	5 19 30 8 21 12 32 4 9 13 1 28 33 18 11 29 10 31 24 3 25 2 27 7 26 23 
	29	24 8 17 30 29 13 22 31 20 21 25 5 6 1 33 4 7 32 23 18 12 3 11 19 9 2 27 10 28 
	28	17 33 6 30 31 27 9 23 28 1 19 8 13 29 25 26 11 4 12 5 20 22 7 24 32 21 3 18 
	22	13 24 16 6 11 29 15 1 27 28 12 2 22 21 5 7 9 19 20 32 33 26 
	27	2 1 3 25 8 13 33 29 5 24 26 20 10 14 32 7 9 6 15 12 4 21 11 27 19 23 16 
	25	23 14 5 30 8 24 33 16 28 13 10 9 31 25 21 29 15 17 4 18 12 27 3 20 22 
	30	12 7 25 24 2 31 26 29 11 30 21 9 18 22 15 4 32 27 1 13 8 23 16 6 5 10 17 3 28 19 
	27	32 12 14 7 13 5 6 20 31 15 25 2 1 24 8 3 19 17 18 23 27 16 9 28 10 30 11 
	25	3 28 5 12 2 1 7 13 23 6 15 20 29 10 33 17 27 31 16 32 25 4 30 8 19 
	25	19 27 6 4 12 2 16 31 22 32 24 1 33 25 15 30 21 20 26 9 18 28 14 7 3 
	27	17 20 4 15 19 3 2 10 29 9 31 18 28 5 30 23 21 27 14 32 11 6 16 33 7 8 1 
	25	20 12 6 31 7 29 26 18 32 10 21 15 16 5 3 8 19 23 9 14 13 28 22 30 1 
	26	8 2 12 25 20 28 18 6 3 13 29 31 27 32 7 33 16 4 23 5 9 11 14 17 1 10 
	25	30 23 5 16 31 17 1 10 26 12 29 6 20 22 24 9 14 28 21 18 15 33 19 8 2 
	29	22 7 13 10 1 2 5 26 32 17 16 31 9 14 24 19 30 6 12 3 27 29 25 23 21 11 4 15 20 
	23	31 25 17 18 20 6 33 24 13 15 22 26 16 14 27 12 19 9 5 7 28 2 4 
	24	13 14 27 19 16 12 11 20 15 5 7 28 10 24 1 23 6 32 2 25 22 9 21 31 
	25	8 7 25 29 20 13 16 27 24 6 23 28 21 15 26 14 19 10 22 11 32 3 9 1 30 
	22	21 7 12 14 25 28 1 4 11 20 9 23 26 18 15 31 24 30 22 16 17 13 
	25	3 16 13 18 12 19 29 14 6 2 7 26 15 22 23 5 9 8 24 10 11 1 27 17 4 
34
	27	18 8 6 25 20 2 10 26 22 7 31 19 9 17 29 3 5 34 15 21 30 23 11 4 28 27 16 
	29	7 22 6 29 1 18 13 25 24 23 34 5 3 19 10 30 31 27 9 12 4 17 28 14 11 16 15 26 21 
	27	27 18 32 23 29 7 9 28 2 34 31 22 13 4 1 33 30 5 21 14 20 15 10 25 6 16 26 
	24	25 8 26 22 11 20 5 24 17 7 3 27 33 31 2 21 6 19 28 14 1 10 23 18 
	28	27 25 30 4 6 17 26 2 18 20 21 1 9 16 8 3 34 32 33 13 12 7 15 24 14 10 31 22 
	25	13 1 16 11 22 2 8 19 29 5 15 17 23 24 33 28 18 4 31 32 21 34 9 25 3 
	26	2 11 19 21 24 12 8 3 25 1 20 22 14 23 4 34 30 28 9 26 5 13 17 16 32 33 
	26	1 4 10 7 6 13 26 14 28 15 29 12 24 27 30 20 22 18 5 19 33 34 23 9 17 11 
	27	28 15 27 24 10 21 19 34 17 3 1 16 31 32 2 5 22 20 13 12 7 30 11 18 6 29 8 
	26	31 29 34 28 8 17 12 1 9 30 32 22 18 11 19 2 26 24 13 3 15 5 4 14 25 20 
	25	30 32 6 16 7 17 12 4 18 10 29 14 34 22 9 1 19 25 33 2 23 26 15 13 8 
	24	29 14 23 7 22 26 10 32 16 11 20 21 8 25 2 9 5 19 34 31 15 30 33 24 
	24	16 6 18 30 29 8 15 28 2 3 26 9 23 25 17 5 22 10 19 7 20 21 11 27 
	25	30 27 12 29 15 32 8 21 7 28 22 11 18 24 31 3 26 4 2 5 33 25 10 19 16 
	29	27 21 9 14 13 34 24 26 30 19 20 8 16 32 6 25 29 1 28 31 17 3 5 10 12 2 11 18 23 
	27	13 18 6 22 11 21 19 23 34 12 17 15 9 20 27 31 24 28 5 1 30 2 25 7 3 14 26 
	27	22 10 18 32 11 26 16 30 9 20 5 23 19 1 6 4 33 31 28 15 13 2 7 29 25 8 34 
	29	34 1 16 21 13 3 31 17 2 22 23 11 26 10 30 29 14 5 32 19 8 6 24 9 25 20 15 4 27 
	28	22 34 7 16 9 6 15 1 10 32 17 2 20 28 29 27 18 26 21 4 8 11 12 33 13 30 24 14 
	27	27 1 25 32 24 4 29 30 12 7 17 15 26 23 31 16 21 19 5 8 9 34 3 33 13 18 10 
	28	31 15 18 26 27 16 7 34 29 25 9 14 12 22 20 33 5 4 19 3 1 24 23 6 32 2 13 30 
	27	17 19 32 16 12 6 2 4 23 18 1 33 31 10 7 21 34 14 25 3 8 9 26 29 11 13 5 
	25	12 3 16 22 18 31 24 20 2 17 7 27 6 33 26 30 13 34 1 11 21 8 4 32 15 
	26	32 7 25 31 9 15 20 23 2 4 8 14 28 34 16 6 30 26 18 21 10 33 5 19 29 12 
	26	4 29 1 24 33 20 21 5 7 2 12 22 28 15 31 13 11 18 34 3 27 14 16 6 10 17 
	28	34 21 4 29 12 33 17 1 8 15 18 20 5 27 10 13 23 31 19 30 22 24 14 7 11 2 16 3 
	24	5 15 28 20 14 33 21 3 9 30 34 26 8 31 16 19 2 23 4 1 25 13 32 18 
	24	27 9 33 10 34 13 3 8 14 19 24 25 29 31 6 16 17 15 4 7 32 2 1 30 
	27	12 33 10 14 25 34 21 13 26 2 3 20 6 8 11 31 18 19 1 28 15 22 30 32 9 17 24 
	28	14 11 13 5 10 27 17 15 20 18 2 34 8 7 3 24 23 26 31 1 9 29 19 16 12 28 33 21 
	27	10 21 24 18 33 22 1 23 29 9 20 27 3 2 14 16 28 4 17 26 6 30 25 15 12 5 32 
	24	11 24 22 3 17 12 20 14 10 15 19 18 9 5 28 34 6 33 29 7 21 23 27 31 
	24	29 28 27 25 31 26 22 21 3 6 17 4 23 5 8 11 19 24 32 20 14 12 7 30 
	28	18 26 10 19 29 21 28 16 15 9 27 2 22 3 30 24 7 11 1 20 5 23 8 12 32 25 6 17 
35
	25	20 10 15 21 26 18 25 32 35 14 31 16 29 9 7 22 2 13 27 11 3 5 33 28 17 
	24	9 24 15 28 20 13 25 4 21 19 29 30 22 18 26 1 3 31 17 23 7 5 10 16 
	29	15 19 32 7 31 25 26 12 11 16 28 17 6 23 10 22 13 2 8 4 21 30 14 1 5 27 18 33 20 
	26	35 8 18 7 2 33 20 16 23 28 30 32 11 26 22 19 29 3 14 5 10 25 9 13 12 27 
	29	15 25 34 24 21 22 10 17 28 6 8 27 20 32 26 13 16 18 31 23 4 2 29 19 3 7 1 14 11 
	22	25 8 30 34 16 22 13 5 7 14 32 3 19 9 26 18 10 24 12 20 23 33 
	29	27 29 31 30 9 3 13 33 4 24 16 34 6 10 28 20 1 25 32 15 2 14 26 18 19 5 23 17 8 
	29	24 6 28 4 25 19 22 23 33 30 5 17 12 15 18 13 3 34 32 29 14 26 20 35 9 16 21 7 10 
	28	24 17 11 27 20 2 33 18 7 15 34 26 12 22 14 1 13 31 21 32 16 28 6 35 10 4 8 23 
	29	1 21 5 34 7 27 13 11 12 18 19 28 25 3 16 23 17 29 31 4 2 26 9 6 24 33 30 35 8 
	26	9 17 35 22 3 26 23 19 10 34 16 4 27 31 33 30 28 29 13 21 20 15 1 32 12 5 
	26	34 20 15 27 21 9 23 28 3 14 33 8 10 26 17 30 31 25 19 18 16 6 4 11 29 13 
	30	20 23 35 2 17 25 7 31 29 21 6 10 9 14 5 16 27 3 8 11 18 1 28 19 32 33 4 24 30 12 
	26	35 31 34 30 15 1 16 12 24 9 6 21 17 13 18 4 23 7 8 3 20 19 29 28 27 5 
	24	32 5 3 1 17 18 27 2 19 34 12 9 24 23 14 35 20 30 8 7 28 11 22 31 
	32	30 28 25 21 33 6 7 4 1 3 19 14 23 27 11 26 35 17 20 5 13 10 9 24 32 22 29 31 12 2 8 18 
	26	9 15 11 34 27 13 5 19 29 18 26 8 3 24 14 16 12 10 2 25 35 32 33 21 7 1 
	31	35 32 9 15 28 24 4 30 34 1 17 29 22 27 33 19 10 21 2 5 8 14 13 31 23 12 7 6 3 16 20 
	30	35 3 29 21 30 33 15 8 25 26 17 16 2 18 11 10 23 34 20 4 6 27 32 28 13 14 31 5 12 7 
	29	13 1 34 9 32 28 12 2 22 4 5 7 15 33 16 29 25 19 11 30 23 26 14 8 24 6 21 18 3 
	29	34 31 1 10 19 5 16 12 33 25 13 35 2 27 14 32 28 18 9 24 26 11 3 23 8 17 20 29 30 
	22	29 33 5 8 11 6 20 9 18 2 34 27 1 3 4 31 16 35 28 23 15 30 
	31	13 24 25 26 8 34 15 12 31 29 4 11 16 28 35 19 3 10 32 14 2 5 20 22 18 7 33 30 21 6 9 
	25	9 8 5 23 18 2 33 27 15 7 29 31 14 17 35 34 21 30 28 16 25 20 10 6 13 
	26	6 5 27 16 23 8 29 19 13 1 2 28 3 21 33 7 10 20 17 32 34 4 12 24 26 31 
	26	28 29 1 32 19 23 9 30 3 17 11 5 16 35 12 2 21 4 34 27 20 8 10 7 6 25 
	28	7 33 25 9 15 17 24 12 32 29 35 5 18 21 10 16 11 22 13 28 19 30 1 26 3 34 14 4 
	31	35 26 32 16 29 8 18 20 2 5 25 12 30 4 7 3 21 23 34 10 24 11 27 15 9 13 19 33 22 14 1 
	29	7 28 22 19 26 25 30 17 13 27 34 24 18 23 1 2 20 11 10 4 32 16 8 31 5 14 33 12 21 
	27	16 19 18 7 14 31 6 34 29 26 8 28 32 4 15 2 24 11 12 20 27 3 23 22 13 10 21 
	25	14 21 7 30 3 13 1 33 23 24 9 11 2 5 22 12 10 18 34 29 16 19 15 25 35 
	27	15 33 28 18 20 35 3 26 27 1 30 5 21 6 4 7 9 23 16 19 29 8 25 34 13 11 17 
	27	27 32 9 22 19 16 24 21 7 8 4 31 35 12 18 25 20 11 28 10 13 23 1 29 17 3 6 
	26	20 12 21 14 5 17 10 15 6 18 9 23 30 29 7 11 28 24 22 19 26 8 25 31 32 27 
	23	28 14 19 18 4 11 13 32 1 15 21 33 27 16 24 26 23 9 22 17 8 10 31 
36
	27	34 17 23 26 32 2 30 29 33 20 11 14 10 21 4 22 28 36 25 3 31 9 18 12 13 15 8 
	33	6 20 25 32 21 23 17 13 5 14 1 22 16 4 31 30 28 8 18 10 26 11 12 9 15 3 33 35 27 19 7 34 29 
	30	9 24 11 36 27 22 7 28 29 15 34 6 5 20 21 31 12 13 33 35 16 1 32 2 14 23 4 8 30 10 
	27	11 23 36 8 6 24 16 29 17 5 33 2 31 12 1 35 34 27 22 30 14 18 7 3 13 25 21 
	28	33 27 31 29 16 25 32 24 2 4 11 3 14 18 35 20 26 19 21 10 36 8 34 22 12 28 6 9 
	28	2 25 7 30 24 4 11 15 23 14 36 3 8 29 26 27 18 13 31 28 21 20 19 22 5 9 34 35 
	27	24 19 11 6 26 22 34 23 33 3 32 36 9 8 25 18 20 12 27 28 29 17 15 13 4 2 21 
	26	16 11 32 15 20 23 4 18 13 6 9 7 33 2 17 12 35 5 28 30 19 24 3 1 10 22 
	28	32 26 3 23 27 16 18 29 25 7 8 11 13 36 20 28 12 2 1 33 10 22 17 30 21 5 35 6 
	29	36 25 18 23 17 13 30 12 11 32 21 24 31 27 1 2 29 14 28 5 19 35 20 34 9 26 8 16 3 
	27	32 7 8 4 33 18 3 23 10 6 24 19 16 5 1 9 31 22 21 14 27 28 2 35 34 30 15 
	28	33 20 24 30 10 19 28 25 34 35 21 4 8 22 29 16 36 31 3 26 9 7 2 17 27 1 5 32 
	26	22 34 10 28 8 20 2 31 33 21 17 9 27 35 32 36 24 3 6 26 15 1 16 7 29 4 
	24	26 35 18 17 24 27 6 2 5 32 28 1 23 10 29 31 11 34 30 19 15 3 4 25 
	27	20 8 34 35 6 17 3 26 33 16 24 18 30 2 21 14 36 13 7 28 1 29 19 27 23 11 32 
	29	31 8 24 29 21 33 9 5 22 27 4 18 28 20 11 2 30 32 15 17 12 26 19 3 23 25 13 35 10 
	25	24 34 20 1 10 14 33 23 2 15 4 13 27 8 16 26 7 21 12 32 29 9 28 22 25 
	29	10 31 14 36 11 25 9 32 35 8 33 16 28 5 7 19 22 27 20 34 30 2 6 23 15 21 1 4 26 
	25	7 12 11 25 24 36 18 30 26 31 27 28 5 33 16 10 35 32 14 6 2 8 15 20 22 
	30	2 15 12 17 24 8 13 16 32 23 3 1 7 5 18 27 9 25 28 29 34 10 36 6 35 26 21 33 19 31 
	29	27 23 16 2 32 10 26 12 13 3 33 22 30 1 11 29 31 5 34 17 18 15 6 36 9 35 20 4 7 
	27	13 7 24 34 32 36 3 16 33 30 2 21 18 29 12 11 23 1 4 9 25 5 6 27 17 19 8 
	29	26 1 10 21 9 34 4 27 8 11 7 6 2 17 36 20 30 29 14 22 32 18 35 16 31 3 25 15 33 
	29	7 16 17 3 12 20 22 14 6 25 4 11 19 5 30 10 28 27 32 15 13 33 26 29 31 35 34 8 36 
	27	6 10 2 29 18 24 27 5 19 12 9 7 34 35 33 32 28 20 1 22 16 36 30 14 23 4 17 
	25	14 33 7 23 9 1 21 15 6 19 5 2 16 12 28 17 24 35 30 13 31 20 10 36 18 
	30	36 21 5 9 23 3 14 25 16 10 24 17 6 18 20 13 29 19 11 7 30 4 35 33 12 34 28 2 22 15 
	31	29 13 36 3 12 16 18 24 2 31 14 25 33 19 1 26 9 35 34 10 7 11 20 8 30 32 6 15 27 5 17 
	28	16 5 25 28 3 4 9 30 1 6 22 23 27 12 10 21 14 7 20 36 24 17 15 35 33 34 13 2 
	28	35 12 6 10 22 24 29 23 1 2 16 19 21 18 32 15 27 14 8 28 26 36 4 25 9 11 3 34 
	25	16 18 5 34 10 2 4 13 28 35 3 11 19 12 21 14 6 36 33 1 24 23 26 32 20 
	29	11 8 9 2 1 18 22 10 5 36 21 20 7 14 25 16 24 13 35 30 23 34 19 3 28 17 31 12 15 
	30	26 12 5 11 16 17 7 18 22 4 13 1 8 15 21 25 34 35 28 36 19 3 24 31 27 9 2 29 20 23 
	30	1 17 13 7 23 15 22 12 31 3 25 18 33 36 35 4 14 28 32 21 20 5 10 27 29 11 24 30 2 6 
	30	14 30 15 18 12 25 5 31 13 33 34 4 32 28 8 3 23 19 10 27 26 11 29 20 2 21 24 16 9 6 
	28	10 27 18 28 4 3 22 32 6 23 19 7 9 34 12 13 33 1 5 31 29 20 30 15 21 25 26 24 
37
	29	7 22 36 35 9 4 24 23 31 18 37 33 30 34 2 10 29 5 27 21 19 17 6 11 3 28 12 26 8 
	31	36 4 24 32 5 33 10 11 15 28 18 23 22 3 19 30 26 27 20 21 1 17 9 35 25 8 29 6 14 16 34 
	27	6 35 32 9 23 25 2 8 12 30 16 7 33 18 22 37 26 31 15 5 11 28 10 36 1 21 14 
	29	2 18 26 23 19 1 5 11 13 27 36 35 31 32 7 34 20 6 25 21 14 30 28 33 17 15 10 29 12 
	29	22 2 25 15 14 20 24 19 16 4 21 29 37 30 27 32 9 12 13 26 8 18 11 36 1 3 23 6 28 
	27	14 3 12 19 24 36 17 29 31 21 8 34 28 13 20 16 18 7 26 32 4 37 2 1 22 5 11 
	28	25 1 28 12 16 22 24 23 35 31 3 20 15 6 4 33 18 32 19 36 11 29 10 26 14 9 34 13 
	29	23 14 28 11 20 35 3 31 34 6 19 10 32 25 15 22 30 5 27 37 21 24 2 26 17 33 13 36 1 
	26	33 31 29 3 19 16 13 1 22 35 10 5 36 25 20 30 32 12 34 23 28 11 24 2 27 7 
	31	12 31 2 22 24 35 19 15 16 23 30 9 26 36 18 8 28 14 13 17 21 1 29 32 34 7 27 3 4 33 37 
	30	31 18 25 20 2 21 35 8 27 29 4 32 37 23 9 36 16 12 5 30 28 33 7 14 3 26 1 22 6 15 
	30	10 16 7 6 28 37 30 15 24 20 3 32 21 5 9 14 17 11 19 35 22 27 25 26 18 23 1 31 4 33 
	27	29 25 22 37 9 15 21 4 20 32 6 30 5 36 26 10 14 16 35 31 24 23 18 8 7 28 27 
	30	6 25 21 29 30 8 5 18 24 35 19 22 34 26 12 27 10 15 13 36 4 11 37 23 7 28 3 2 17 16 
	27	25 34 33 2 37 5 32 26 12 10 13 31 16 18 7 8 23 21 14 35 22 3 28 17 4 20 11 
	31	12 25 7 34 5 9 24 10 15 23 3 30 35 17 6 21 20 18 36 27 11 26 13 32 19 33 31 28 2 22 14 
	26	19 6 37 21 18 27 25 16 20 32 12 10 31 24 2 23 1 28 33 35 36 8 34 4 15 14 
	29	11 4 2 14 36 24 25 21 28 17 15 22 16 10 6 23 35 32 1 3 26 7 31 5 30 19 12 13 37 
	29	17 34 26 6 9 5 10 4 22 23 14 25 8 37 2 31 29 7 12 16 1 27 18 36 21 24 32 30 28 
	29	11 34 29 5 8 12 36 13 31 26 23 6 30 22 16 7 9 17 28 4 37 2 32 35 33 27 21 15 25 
	28	14 30 34 11 23 18 26 13 5 6 17 16 12 2 15 4 10 8 1 29 27 25 33 3 20 19 28 35 
	30	5 1 13 25 10 34 7 37 9 2 19 23 14 18 29 20 8 3 28 15 12 33 27 30 26 6 31 11 36 16 
	29	27 8 31 2 32 4 21 3 28 7 10 19 22 16 20 11 1 18 9 24 15 17 33 37 14 12 13 5 26 
	25	31 2 10 6 18 5 14 7 16 26 12 30 27 1 35 23 9 17 29 8 28 13 19 25 37 
	32	15 37 14 7 13 5 35 11 16 22 30 18 36 3 27 28 26 19 17 29 9 32 8 33 4 2 31 12 34 21 24 20 
	31	4 19 15 37 21 24 34 28 25 20 10 14 2 6 18 13 3 5 32 16 29 8 12 35 7 22 11 27 33 1 23 
	30	34 28 23 32 11 25 4 24 17 5 31 14 2 33 16 8 29 1 21 19 12 35 9 22 10 26 36 20 37 13 
	33	37 27 7 2 8 12 23 18 25 33 26 35 29 6 10 20 9 22 11 32 34 24 4 15 3 17 14 1 16 21 13 5 19 
	25	13 14 9 20 33 31 11 6 5 28 22 35 25 34 19 26 24 1 10 27 21 7 36 2 4 
	27	31 21 14 33 25 12 24 10 37 3 16 5 20 13 9 2 32 36 8 1 11 18 35 34 4 22 19 
	29	24 11 10 30 23 9 34 32 29 6 8 15 20 4 7 27 1 19 37 33 18 17 3 25 13 36 16 22 12 
	30	2 33 35 3 23 27 15 31 36 11 13 12 5 4 9 8 30 25 18 17 6 34 7 37 20 26 16 28 10 19 
	29	15 2 32 9 30 29 34 28 3 7 1 25 27 31 11 36 23 22 16 20 17 35 4 21 8 37 26 10 12 
	27	27 35 15 19 21 20 22 16 31 26 33 8 6 14 9 29 4 32 1 28 30 10 25 36 17 7 2 
	30	34 25 3 32 11 10 1 9 8 14 7 28 4 16 29 24 18 15 37 2 30 12 20 36 13 27 26 17 33 21 
	28	2 1 18 6 32 25 20 4 10 9 30 13 16 11 14 5 33 7 35 29 31 19 34 17 3 27 22 8 
	27	25 28 15 13 12 22 26 17 30 5 11 19 20 31 1 3 32 8 35 14 6 23 27 33 24 18 10 
38
	30	18 23 37 7 6 26 31 9 29 21 34 27 16 33 12 25 10 36 24 2 38 15 13 22 32 5 28 17 11 14 
	29	19 38 16 35 23 20 22 17 12 11 34 27 30 25 29 13 31 37 14 21 26 3 6 1 32 36 33 7 5 
	30	27 16 5 4 22 9 21 13 8 35 30 37 10 36 17 25 33 15 19 23 29 34 2 24 28 18 7 26 14 12 
	31	33 12 3 22 32 6 25 17 28 8 37 15 21 13 20 18 16 10 11 9 27 14 24 38 5 19 26 36 31 30 29 
	32	25 3 10 37 8 11 20 26 34 22 28 19 9 27 36 23 35 7 38 16 21 32 31 4 30 13 15 1 6 18 12 2 
	27	32 9 8 4 37 31 13 34 28 10 18 27 24 25 1 20 19 11 22 16 35 2 30 29 21 5 26 
	30	15 16 32 34 11 14 31 17 28 1 21 5 19 27 18 24 35 10 23 33 38 8 29 37 22 9 20 12 3 2 
	32	35 10 12 19 5 6 34 30 26 16 24 31 13 28 14 4 33 22 3 17 25 9 18 11 27 36 21 32 38 20 37 7 
	27	19 15 31 38 10 6 3 22 16 32 34 24 14 17 8 36 5 1 30 4 23 26 21 12 29 7 27 
	30	8 9 23 11 5 15 12 37 32 26 30 19 27 14 16 25 6 3 13 4 24 34 17 36 35 29 7 1 28 20 
	30	10 30 18 5 17 21 28 26 7 34 13 36 29 8 15 2 4 6 32 20 23 14 12 33 27 22 25 16 24 1 
	31	4 36 8 19 21 37 26 10 15 34 24 2 28 18 30 22 11 1 14 29 25 33 27 9 23 7 20 38 3 35 5 
	26	31 37 8 3 6 25 19 14 11 4 10 32 27 18 38 30 23 2 26 36 20 5 1 22 34 35 
	32	25 29 31 33 22 8 10 7 9 13 19 23 32 24 34 15 27 36 30 2 11 16 12 18 4 38 21 26 37 35 3 1 
	29	7 9 36 29 10 12 4 38 25 19 20 24 37 11 17 31 16 14 3 26 23 28 18 5 1 33 32 34 35 
	34	3 35 24 7 22 2 29 18 8 9 32 26 10 23 34 27 30 38 28 20 4 15 6 1 21 5 37 14 33 11 17 19 36 25 
	28	38 24 4 11 33 22 36 8 7 9 28 31 2 3 29 20 15 19 10 18 34 27 35 32 26 30 16 1 
	30	1 11 16 25 38 32 34 33 6 4 8 23 31 13 22 20 17 24 12 36 7 21 14 15 27 3 26 19 5 37 
	33	33 9 29 12 2 8 36 24 25 28 10 13 27 5 21 15 14 38 22 6 17 7 26 20 3 30 32 34 31 4 23 18 16 
	26	30 5 34 36 2 4 15 37 16 6 31 17 18 29 11 23 19 33 8 13 22 28 27 7 12 10 
	30	30 12 3 29 35 11 28 38 22 4 26 19 34 7 33 31 1 8 2 16 5 18 23 37 24 9 14 32 6 25 
	30	37 3 4 16 9 35 14 21 8 5 17 2 18 19 34 6 36 33 12 32 26 38 11 20 24 29 1 13 7 31 
	27	31 10 1 26 35 16 2 24 14 18 5 29 13 20 15 25 11 3 21 7 38 9 30 19 12 37 27 
	30	17 16 38 19 32 8 34 9 36 29 23 6 15 12 10 18 14 31 7 25 35 21 3 4 22 1 11 37 33 27 
	30	14 5 36 18 19 4 13 10 29 15 8 6 28 3 34 37 2 31 26 33 23 24 30 1 38 27 11 12 16 21 
	31	8 5 12 33 28 10 23 27 30 16 11 21 37 29 1 32 19 25 15 13 22 17 34 2 31 9 4 14 18 6 3 
	31	30 3 35 34 29 32 26 10 19 16 6 13 8 5 2 28 1 4 14 17 7 11 25 37 12 18 20 38 23 9 24 
	28	26 8 19 21 4 29 11 34 5 6 7 17 36 16 31 33 25 35 27 12 32 38 15 20 10 37 3 1 
	31	19 15 27 36 16 21 14 30 28 25 24 11 26 37 1 17 23 2 20 10 31 3 32 12 38 33 6 7 22 9 4 
	27	27 35 11 21 20 8 29 26 10 33 3 16 34 13 31 2 9 37 14 12 19 25 6 23 5 17 4 
	29	23 9 13 38 8 14 6 34 7 28 17 18 1 21 30 20 25 15 35 2 24 5 29 26 19 36 32 4 22 
	30	6 4 7 24 10 27 16 9 38 18 34 13 37 14 26 11 8 22 17 5 28 19 29 2 21 1 31 15 35 33 
	27	4 19 34 26 14 30 8 17 18 28 21 3 22 25 1 37 20 11 16 7 12 29 15 2 36 24 32 
	33	27 33 8 20 5 24 6 9 7 12 31 28 11 35 16 18 36 32 21 38 30 2 25 22 1 10 14 17 26 3 19 13 15 
	26	8 16 27 30 38 2 21 23 22 3 34 37 5 28 36 31 17 10 7 6 24 32 13 14 15 12 
	29	12 15 37 25 19 29 17 20 34 24 38 28 9 11 3 8 5 10 35 14 22 18 13 1 2 31 4 33 16 
	30	22 36 5 13 12 10 6 1 4 26 3 20 15 32 29 25 35 30 2 33 16 8 21 27 7 28 14 24 23 18 
	28	17 9 2 35 24 31 21 18 32 15 16 36 19 34 13 5 8 28 22 25 23 29 4 7 14 1 27 12 
39
	31	4 3 29 11 21 25 23 5 24 39 9 30 20 7 26 15 31 27 8 12 17 2 19 37 22 14 33 6 16 18 10 
	29	9 13 32 4 27 8 23 18 30 28 17 5 34 22 21 10 11 6 36 1 15 12 38 26 16 19 31 29 20 
	30	1 28 29 12 5 31 27 7 13 4 11 20 21 14 10 18 16 36 23 25 8 35 6 9 15 33 19 34 30 37 
	30	1 24 36 5 34 28 37 2 6 32 14 19 39 17 3 35 33 25 20 18 30 13 29 12 16 22 31 11 27 8 
	35	20 26 4 3 37 17 1 16 28 39 11 38 15 6 29 36 19 30 2 9 33 12 23 7 25 21 24 35 27 8 34 32 14 22 13 
	31	37 31 17 7 26 36 34 24 22 33 4 10 5 9 12 20 25 8 18 32 2 11 19 3 1 28 21 27 23 30 16 
	30	6 29 37 22 31 28 36 27 11 38 3 14 33 16 13 23 1 34 32 10 26 25 17 15 5 8 20 39 21 19 
	31	36 12 13 26 14 11 28 27 9 2 17 38 21 25 33 18 6 29 31 16 1 39 32 23 3 7 10 34 5 30 4 
	32	2 13 12 10 34 25 1 39 8 11 17 18 6 37 31 24 19 32 26 5 27 33 30 16 35 20 36 3 22 38 23 15 
	29	29 18 32 12 9 36 14 37 23 22 15 28 30 6 25 7 31 13 2 3 16 8 19 17 26 24 1 38 33 
	30	37 17 1 32 25 8 5 39 9 19 7 36 14 12 3 34 2 31 13 23 6 29 33 35 27 30 20 21 4 38 
	36	8 28 9 14 3 26 10 31 15 18 29 27 25 33 38 24 23 22 6 19 17 34 11 30 36 39 16 32 20 1 5 35 4 2 21 13 
	33	9 2 33 34 8 18 38 36 37 32 30 26 29 7 3 17 35 39 19 10 27 11 4 21 28 15 31 23 12 25 5 22 16 
	28	26 25 12 8 32 33 10 16 30 34 21 15 4 22 20 7 39 11 3 35 18 36 1 38 19 29 5 17 
	25	38 12 14 10 5 24 36 21 1 25 16 39 7 34 2 23 18 3 13 26 27 32 9 28 37 
	29	27 24 39 5 14 26 32 23 7 34 30 35 12 8 10 3 15 9 25 38 4 28 1 20 2 6 29 21 13 
	33	22 6 31 11 36 21 24 5 33 18 32 8 26 9 29 4 13 23 12 20 35 25 2 38 27 7 1 19 34 30 10 28 14 
	28	32 10 21 35 13 12 29 17 9 37 38 8 2 6 39 3 25 14 23 19 4 22 15 33 30 31 1 34 
	27	27 35 21 30 39 25 11 4 12 22 5 37 36 13 9 24 17 1 6 18 10 28 14 3 7 2 31 
	28	5 25 39 28 27 37 33 14 6 26 1 17 34 3 12 35 4 32 9 7 11 23 24 16 38 31 29 2 
	32	18 17 1 37 32 35 24 30 31 19 14 8 39 2 15 3 36 38 34 23 29 5 13 11 28 26 27 6 7 12 33 16 
	30	17 38 31 35 24 30 7 28 6 10 25 34 14 12 39 33 27 19 29 2 1 18 9 26 4 37 5 32 13 36 
	30	24 33 37 28 1 32 30 10 38 35 12 36 16 31 7 2 17 21 3 11 5 8 39 18 15 25 20 13 6 9 
	26	33 35 4 23 16 22 21 37 17 28 1 6 27 12 34 26 15 9 36 19 31 30 5 39 20 10 
	34	20 14 37 1 39 28 9 27 11 36 12 31 22 19 8 10 6 32 17 35 15 26 7 18 4 3 5 29 16 30 23 13 38 34 
	32	35 14 37 5 6 12 8 29 32 36 16 17 13 24 20 33 27 1 9 38 7 25 34 39 31 28 30 22 21 15 2 10 
	30	36 16 32 19 25 12 20 30 24 29 3 8 2 7 22 26 13 1 38 9 17 39 11 34 5 21 6 15 4 37 
	30	3 12 31 23 25 4 24 22 33 20 5 7 8 36 32 10 35 38 29 2 30 39 26 19 13 21 16 6 17 15 
	31	10 1 3 7 26 12 31 18 27 30 5 17 13 28 8 22 32 34 36 38 11 25 21 35 4 39 14 2 33 20 16 
	32	36 22 21 23 39 33 27 14 19 10 37 29 1 13 34 35 16 2 5 12 28 9 17 24 4 11 25 26 18 3 8 6 
	30	6 17 28 22 12 38 29 21 3 7 25 34 23 9 10 37 8 32 1 33 11 24 26 18 4 13 36 2 19 20 
	30	18 10 27 11 21 2 14 26 23 16 17 4 13 28 36 25 7 31 12 9 6 29 8 20 37 34 38 5 15 22 
	30	24 13 23 14 17 28 38 12 30 6 20 35 7 8 22 26 36 31 9 5 4 11 37 1 18 3 29 21 34 10 
	33	13 37 4 9 6 38 39 14 24 36 22 31 30 16 7 20 12 35 2 11 29 21 17 26 15 8 32 27 3 5 18 33 25 
	27	26 24 18 19 22 21 23 33 28 30 17 13 16 34 25 36 4 14 20 9 12 11 37 3 29 5 38 
	34	27 8 38 30 17 4 6 10 26 25 13 28 7 34 23 11 32 5 12 19 15 35 24 33 21 2 29 3 14 9 31 39 37 22 
	30	26 6 38 11 25 23 34 21 24 5 7 4 10 13 20 30 18 9 31 19 39 33 1 32 35 22 36 27 15 3 
	30	37 36 22 15 13 34 31 33 23 12 5 8 7 18 28 17 27 26 21 29 16 14 2 9 32 20 11 35 25 10 
	28	16 25 20 30 34 5 1 9 11 19 14 22 21 4 18 28 13 12 37 8 15 23 27 26 24 29 7 36 
-1

Porcentaje Ejes 80