5
	4	2 3 4 5
	3	1 4 5
	2	1 4
	4 	1 2 3 5
	3	1 2 4
30
	0
	0
	0
	4	5 6 7 8
	4	4 6 7 8
	4	4 5 7 8
	4	4 5 6 8
	4	4 5 6 7
	0
	5	11 12 13 14 15	
	5	10 12 13 14 15
	6	10 11 13 14 15 21
	5	10 11 12 14 15
	5	10 11 12 13 15
	5	10 11 12 13 14
	6	17 18 19 20 21 22
	6	16 18 19 20 21 22
	6	16 17 19 20 21 22
	6	16 17 18 20 21 22
	6	16 17 18 19 21 22
	7	12 16 17 18 19 20 22
	6	16 17 18 19 20 21
	5	24 25 26 27 28 
	5	23 25 26 27 28
	5	23 24 26 27 28
	5	23 24 25 27 28
	5	23 24 25 26 28
	5	23 24 25 26 27
	0
	0
18
	9	2 3 4 5 6 7 8 9 10
	9 	1 3 4 5 6 7 8 9 10
	5	1 2 11 12 13
	2	1 2
	2	1 2
	2	1 2
	2	1 2
	2	1 2
	2	1 2
	2	1 2
	4	2 3 12 13
	9	2 3 11 13 14 15 16 17 18
	9	2 3 11 12 14 15 16 17 18
	6	12 13 15 16 17 18
	6	12 13 14 16 17 18
	6	12 13 14 15 17 18
	6	12 13 14 15 16 18
	6	12 13 14 15 16 17	
-1

Deberia pasar para el 3ยบ grafo que: rta(constructivo) < rta(local) < rta(tabu) <= rta(exacta)

