10	126
20	241
30	350
40	432
50	568
60	708
70	835
80	933
90	1062
100	1077
110	1225
120	1386
130	1517
140	1527
150	1713
160	1888
170	1942
180	2011
190	2182
200	2319
210	2433
220	2491
230	2690
240	2716
250	2876
260	2919
270	3152
280	3109
290	3316
300	3396
310	3561
320	3643
330	3776
340	3849
350	3891
360	4026
370	4111
380	4238
390	4449
400	4586
410	4659
420	4898
430	4915
440	4956
450	5163
460	5200
470	5371
480	5374
490	5565
500	5726
510	5759
520	5876
530	5977
540	6044
550	6210
560	6411
570	6489
580	6635
590	6639
600	6870
610	6952
620	7047
630	7118
640	7239
650	7268
660	7564
670	7499
680	7600
690	7827
700	7886
710	7957
720	8128
730	8230
740	8319
750	8448
760	8520
770	8716
780	8710
790	9081
800	9158
810	9227
820	9209
830	9287
840	9387
850	9559
860	9901
870	9868
880	9916
890	9987
900	10203
910	10294
920	10328
930	10760
940	10562
950	10646
960	10842
970	10862
980	11161
990	11192
1000	11263
