5	215
6	303
7	321
8	475
9	562
10	704
11	825
12	956
13	1097
14	1248
15	1409
16	1597
17	1778
18	1955
19	2170
20	2398
21	2619
22	2850
23	3077
24	3342
25	3603
26	3891
27	4172
28	4463
29	4750
30	5092
31	5399
32	5744
33	6085
34	6422
35	6797
36	7185
37	7566
38	7957
39	8344
40	8772
41	9193
42	9638
43	10065
44	10530
45	10991
46	11465
47	11960
48	12437
49	12952
50	13480
51	14001
52	14518
53	15073
54	15624
55	16171
56	16773
57	17354
58	17931
59	18546
60	19174
61	19795
62	20398
63	21067
64	21690
65	22379
66	23067
67	23734
68	24439
69	25140
70	25868
71	26589
72	27320
73	28061
74	28812
75	29573
76	30361
77	31142
78	31933
79	32734
80	33562
81	34383
82	35200
83	36041
84	36906
85	37767
86	38655
87	39522
88	40427
89	41328
90	42256
91	43177
92	44108
93	45049
94	46000
95	46961
96	47949
97	48916
98	49907
99	50880
100	51936
101	52957
102	54002
103	55043
104	56066
