5	68
6	75
7	82
8	89
9	96
10	103
11	119
12	117
13	124
14	140
15	147
16	169
17	176
18	177
19	175
20	197
21	180
22	187
23	194
24	210
25	226
26	215
27	264
28	229
29	254
30	261
31	250
32	275
33	264
34	295
35	287
36	318
37	301
38	341
39	330
40	355
41	347
42	336
43	358
44	350
45	366
46	373
47	380
48	378
49	443
50	401
51	423
52	448
53	404
54	429
55	460
56	449
57	474
58	481
59	464
60	498
61	502
62	518
63	483
64	490
65	533
66	513
67	547
68	527
69	558
70	550
71	595
72	546
73	613
74	614
75	585
76	607
77	599
78	633
79	644
80	644
81	710
82	674
83	665
84	697
85	706
86	686
87	702
88	736
89	683
90	681
91	719
92	695
93	729
94	767
95	749
96	810
97	730
98	806
99	777
100	820
101	776
102	821
103	830
104	821
105	831
106	835
107	858
108	849
109	854
110	922
111	846
112	936
113	907
114	891
115	907
116	872
117	912
118	886
119	960
120	951
121	931
122	990
123	997
124	937
125	993
126	942
127	991
128	956
129	1014
130	994
131	1004
132	1035
133	1024
134	1022
135	1014
136	1174
137	1111
138	1127
139	1109
140	1089
141	1085
142	1063
143	1112
144	1142
145	1144
146	1133
147	1172
148	1152
149	1145
150	1184
151	1168
152	1139
153	1189
154	1185
155	1210
156	1221
157	1246
158	1190
159	1272
160	1180
161	1205
162	1243
163	1266
164	1307
165	1293
166	1361
167	1312
168	1337
169	1285
170	1308
171	1313
172	1297
173	1313
174	1305
175	1456
176	1357
177	1357
178	1393
179	1382
180	1376
181	1385
182	1406
183	1383
184	1424
185	1438
186	1413
187	1463
188	1418
189	1448
190	1459
191	1424
192	1530
193	1462
194	1481
195	1510
196	1450
197	1508
198	1473
199	1588
200	1527
201	1552
202	1510
203	1530
204	1497
205	1614
206	1538
207	1574
208	1552
209	1624
210	1606
211	1593
212	1593
213	1654
214	1639
215	1691
216	1623
217	1671
218	1728
219	1717
220	1705
221	1699
222	1740
223	1758
224	1691
225	1718
226	1808
227	1707
228	1674
229	1712
230	1739
231	1810
232	1744
233	1778
234	1871
235	1774
236	1851
237	1854
238	1786
239	1789
240	1880
241	1789
242	1918
243	1842
244	1835
245	1871
246	1869
247	1883
248	1953
249	1890
250	1963
251	2006
252	1927
253	1909
254	2000
255	1905
256	1953
257	1994
258	1998
259	2033
260	1999
261	1988
262	1997
263	2095
264	2061
265	2027
266	2039
267	2107
268	2048
269	2069
270	2060
271	2008
272	2133
273	2072
274	2083
275	2131
276	2163
277	2008
278	2136
279	2098
280	2184
281	2184
282	2203
283	2162
284	2180
285	2160
286	2190
287	2188
288	2197
289	2191
290	2150
291	2227
292	2214
293	2228
294	2228
295	2226
296	2326
297	2297
298	2267
299	2340
300	2306
301	2252
302	2270
303	2359
304	2300
305	2380
306	2353
307	2337
308	2326
309	2342
310	2367
311	2367
312	2471
313	2356
314	2386
315	2469
316	2427
317	2461
318	2495
319	2503
320	2442
321	2469
322	2424
323	2451
324	2500
325	2553
326	2536
327	2567
328	2516
329	2432
330	2543
331	2534
332	2512
333	2528
334	2598
335	2578
336	2592
337	2617
338	2536
339	2595
340	2563
341	2615
342	2734
343	2539
344	2596
345	2526
346	2610
347	2665
348	2724
349	2581
350	2690
351	2683
352	2634
353	2677
354	2610
355	2673
356	2651
357	2775
358	2775
359	2703
360	2730
361	2811
362	2756
363	2815
364	2824
365	2800
366	2902
367	2746
368	2786
369	2807
370	2848
371	2751
372	2871
373	2799
374	2988
375	2851
376	2933
377	3009
378	2965
379	2909
380	2882
381	2941
382	2934
383	2878
384	2851
385	2921
386	2926
387	2892
388	2947
389	2967
390	2970
391	3000
392	3023
393	2950
394	2987
395	3041
396	2971
397	3053
398	2967
399	3083
400	3002
401	3038
402	2993
403	3084
404	3118
405	3145
406	3082
407	3084
408	3105
409	3153
410	3165
411	3135
412	3113
413	3098
414	3217
415	3127
416	3222
417	3234
418	3173
419	3207
420	3207
421	3157
422	3230
423	3151
424	3229
425	3258
426	3260
427	3242
428	3259
429	3238
430	3309
431	3295
432	3357
433	3323
434	3296
435	3355
436	3321
437	3303
438	3324
439	3336
440	3311
441	3323
442	3440
443	3384
444	3391
445	3477
446	3427
447	3385
448	3480
449	3390
450	3503
451	3438
452	3345
453	3499
454	3463
455	3479
456	3402
457	3432
458	3491
459	3469
460	3550
461	3424
462	3442
463	3528
464	3477
465	3463
466	3511
467	3595
468	3514
469	3661
470	3498
471	3616
472	3571
473	3590
474	3569
475	3633
476	3575
477	3622
478	3606
479	3652
480	3634
481	3673
482	3648
483	3596
484	3705
485	3712
486	3651
487	3717
488	3704
489	3717
490	3733
491	3758
492	3677
493	3738
494	3721
495	3745
496	3818
497	3728
498	3796
499	3728
500	3740
501	3918
502	3792
503	3872
504	3852
505	3830
506	3831
507	3872
508	3896
509	3920
510	3901
511	3885
512	3887
513	3958
514	3890
515	3951
516	3924
517	3920
518	3927
519	3880
520	3970
521	3988
522	4027
523	4064
524	3946
525	3985
526	3987
527	3947
528	3972
529	4036
530	4065
531	4045
532	4077
533	3975
534	3980
535	4083
536	4055
537	4069
538	4031
539	4106
540	4083
541	4131
542	4065
543	4070
544	4118
545	4046
546	4053
547	4048
548	4109
549	4080
550	4142
551	4185
552	4136
553	4204
554	4272
555	4302
556	4231
557	4261
558	4246
559	4316
560	4371
561	4248
562	4178
563	4330
564	4460
565	4320
566	4195
567	4313
568	4301
569	4275
570	4327
571	4353
572	4432
573	4210
574	4335
575	4369
576	4403
577	4403
578	4331
579	4363
580	4375
581	4327
582	4444
583	4430
584	4328
585	4446
586	4453
587	4489
588	4483
589	4467
590	4413
591	4470
592	4502
593	4457
594	4450
595	4498
596	4584
597	4582
598	4587
599	4528
600	4521
601	4487
602	4640
603	4459
604	4670
605	4624
606	4595
607	4491
608	4561
609	4656
610	4628
611	4653
612	4651
613	4605
614	4706
615	4637
616	4743
617	4669
618	4642
619	4738
620	4740
621	4770
622	4696
623	4746
624	4655
625	4794
626	4742
627	4794
628	4703
629	4820
630	4691
631	4849
632	4770
633	4888
634	4795
635	4836
636	4765
637	4947
638	4826
639	4882
640	4873
641	4892
642	4802
643	4906
644	4854
645	4913
646	4921
647	4834
648	4821
649	4896
650	4949
651	4948
652	4903
653	4922
654	4947
655	4981
656	4952
657	4948
658	4982
659	5018
660	5005
661	5060
662	5090
663	5010
664	4967
665	5055
666	5096
667	5022
668	5067
669	5187
670	5045
671	5095
672	5025
673	5089
674	5123
675	5137
676	5176
677	5049
678	5119
679	5199
680	5167
681	5113
682	5034
683	5182
684	5179
685	5188
686	5282
687	5162
688	5188
689	5199
690	5232
691	5188
692	5167
693	5294
694	5268
695	5216
696	5251
697	5261
698	5211
699	5291
700	5257
701	5280
702	5316
703	5326
704	5265
705	5308
706	5435
707	5383
708	5237
709	5302
710	5375
711	5443
712	5335
713	5440
714	5484
715	5430
716	5376
717	5362
718	5382
719	5503
720	5549
721	5569
722	5402
723	5525
724	5449
725	5545
726	5435
727	5426
728	5524
729	5455
730	5494
731	5534
732	5631
733	5649
734	5563
735	5521
736	5581
737	5606
738	5582
739	5576
740	5526
741	5491
742	5697
743	5660
744	5579
745	5634
746	5614
747	5668
748	5584
749	5625
750	5689
751	5687
752	5685
753	5689
754	5784
755	5719
756	5751
757	5667
758	5775
759	5718
760	5714
761	5755
762	5855
763	5913
764	5852
765	5774
766	5843
767	5854
768	5665
769	5779
770	5802
771	5827
772	5752
773	5870
774	5941
775	5839
776	5887
777	5875
778	5846
779	5957
780	5835
781	6006
782	5897
783	5944
784	5940
785	5997
786	5989
787	5923
788	6020
789	6003
790	5971
791	5985
792	6013
793	6004
794	5924
795	6051
796	6098
797	6133
798	6141
799	6173
800	6082
801	6030
802	6169
803	6094
804	6015
805	6067
806	6085
807	6090
808	6113
809	6073
810	6141
811	6256
812	6109
813	6289
814	6096
815	6151
816	6194
817	6196
818	6158
819	6136
820	6203
821	6265
822	6155
823	6290
824	6229
825	6357
826	6230
827	6190
828	6203
829	6200
830	6231
831	6238
832	6327
833	6299
834	6259
835	6372
836	6466
837	6384
838	6403
839	6414
840	6358
841	6401
842	6376
843	6516
844	6365
845	6275
846	6292
847	6504
848	6431
849	6507
850	6522
851	6507
852	6337
853	6456
854	6513
855	6514
856	6485
857	6413
858	6453
859	6454
860	6490
861	6530
862	6624
863	6536
864	6392
865	6550
866	6442
867	6505
868	6550
869	6592
870	6579
871	6586
872	6615
873	6589
874	6556
875	6532
876	6633
877	6559
878	6560
879	6546
880	6674
881	6715
882	6516
883	6692
884	6672
885	6811
886	6695
887	6709
888	6659
889	6803
890	6725
891	6705
892	6878
893	6919
894	6754
895	6854
896	6897
897	6675
898	6808
899	6820
