5	59
6	66
7	73
8	80
9	146
10	94
11	332
12	132
13	115
14	719
15	129
16	136
17	839
18	609
19	157
20	164
21	2486
22	329
23	467
24	3077
25	2890
26	3452
27	2508
28	4466
29	3958
30	5078
31	4892
32	5392
33	5337
34	6248
35	6044
36	7160
37	7569
38	290
39	8361
40	8747
41	8963
42	9613
43	9811
44	10285
45	10741
46	11468
47	11949
48	12454
49	12955
50	13455
51	13693
52	14521
53	15076
54	15090
55	16135
56	16748
57	17329
58	17937
59	18552
60	19107
61	19742
62	20401
63	21042
64	21724
65	22399
66	23014
67	23709
68	24473
69	24773
70	25787
71	26536
72	27312
73	27688
74	28804
75	29537
76	30381
77	31176
78	31925
79	32317
80	33526
81	34403
82	35192
83	36089
84	36898
85	37759
86	38647
87	39514
88	40433
89	41306
90	42290
91	43183
92	44114
93	45083
94	46009
95	46970
96	47969
97	48922
98	49916
99	50931
100	51942
101	52949
102	53994
103	55049
104	56075
