5	98
25	3325
45	10721
65	21981
85	37266
105	56568
125	79853
145	107127
165	138412
185	173686
205	212929
225	256217
245	303516
265	354804
285	410089
305	469363
325	532606
345	599880
365	671193
385	746453
405	825752
425	909026
445	996297
465	1087557
485	1182870
505	1282158
525	1385429
545	1492675
565	1603988
585	1719276
605	1838561
625	1961835
645	2089078
665	2220380
685	2355665
705	2494925
725	2638196
745	2785484
765	2936713
785	3092043
805	3251314
825	3414644
845	3581915
865	3753203
885	3928432
905	4107706
925	4291019
945	4478307
965	4669564
985	4864852
