5	176
6	154
7	272
8	475
9	562
10	612
11	825
12	942
13	1083
14	1248
15	1409
16	1569
17	1778
18	1927
19	2170
20	2384
21	2591
22	2808
23	3077
24	3342
25	3589
26	3891
27	4172
28	4463
29	4764
30	5092
31	5413
32	5744
33	6085
34	6436
35	6797
36	7185
37	7566
38	7957
39	8358
40	8772
41	9179
42	9624
43	10065
44	10502
45	10991
46	11465
47	11960
48	12451
49	12910
50	13480
51	14001
52	14518
53	15059
54	15610
55	16157
56	16773
57	17354
58	17945
59	18546
60	19174
61	19795
62	20426
63	21067
64	21718
65	22365
66	23067
67	23748
68	24439
69	25126
70	25840
71	26561
72	27306
73	28047
74	28798
75	29559
76	30361
77	31142
78	31905
79	32734
80	33562
81	34369
82	35214
83	36041
84	36906
85	37753
86	38613
87	39522
88	40413
89	41314
90	42256
91	43163
92	44094
93	45035
94	45986
95	46947
96	47949
97	48930
98	49893
99	50908
100	51950
101	52943
102	54002
103	55029
104	56094
