5	59
25	3575
45	10946
65	22348
85	37705
105	57121
125	80450
145	107880
165	139223
185	174611
205	213982
225	257356
245	304769
265	356129
285	411528
305	470902
325	534259
345	601647
365	673032
385	748406
405	827763
425	911179
445	998508
465	1089910
485	1185267
505	1284697
525	1388068
545	1495442
565	1606827
585	1722187
605	1841558
625	1964960
645	2092331
665	2223677
685	2359090
705	2498506
725	2641821
745	2789195
765	2940622
785	3095982
805	3255367
825	3418769
845	3586126
865	3757514
885	3932899
905	4112259
925	4295672
945	4483032
965	4674431
985	4869819
