10	15628
20	13212
30	18444
40	23824
50	29236
60	33972
70	39320
80	44616
90	52240
100	56328
110	63992
120	69132
130	73596
140	79316
150	83764
160	89448
170	95644
180	100400
190	105536
200	113500
210	117044
220	126688
230	130144
240	138236
250	139228
260	152032
270	150424
280	161188
290	164316
300	172072
310	176568
320	181824
330	189292
340	192952
350	199280
360	208456
370	210216
380	216060
390	226472
400	234564
410	243064
420	256404
430	257732
440	262464
450	277672
460	279776
470	289640
480	286780
490	291756
500	294772
510	303696
520	306276
530	309428
540	324612
550	326588
560	341052
570	340364
580	349192
590	342796
600	373764
610	354372
620	387008
630	380212
640	385832
650	395424
660	393608
670	414232
680	415260
690	410864
700	421032
710	425088
720	440824
730	444800
740	443204
750	459892
760	483776
770	471316
780	464372
790	471120
800	488468
810	493704
820	503740
830	494880
840	538144
850	512448
860	516132
870	524180
880	541092
890	541848
900	749720
910	549716
920	560608
930	773668
940	567944
950	585832
960	583840
970	593144
980	591296
990	595888
1000	604484
