10	145
20	305
30	465
40	625
50	785
60	945
70	1105
80	1265
90	1425
100	1585
110	1745
120	1905
130	2065
140	2225
150	2385
160	2545
170	2705
180	2865
190	3025
200	3185
210	3345
220	3505
230	3665
240	3825
250	3985
260	4145
270	4305
280	4465
290	4625
300	4785
310	4945
320	5105
330	5265
340	5425
350	5585
360	5745
370	5905
380	6065
390	6225
400	6385
410	6545
420	6705
430	6865
440	7025
450	7185
460	7345
470	7505
480	7665
490	7825
500	7985
510	8145
520	8305
530	8465
540	8625
550	8785
560	8945
570	9105
580	9265
590	9425
600	9585
610	9745
620	9905
630	10065
640	10225
650	10385
660	10545
670	10705
680	10865
690	11025
700	11185
710	11345
720	11505
730	11665
740	11825
750	11985
760	12145
770	12305
780	12465
790	12625
800	12785
810	12945
820	13105
830	13265
840	13425
850	13585
860	13745
870	13905
880	14065
890	14225
900	14385
910	14545
920	14705
930	14865
940	15025
950	15185
960	15345
970	15505
980	15665
990	15825
1000	15985
