   2
1   2 
1   1 

   3
1   2 
1   1 
0   

   4
0   
0   
1   4 
1   3 

   5
0   
0   
0   
1   5 
1   4 

   6
0   
0   
0   
1   6 
0   
1   4 

   7
0   
1   3 
1   2 
0   
1   6 
1   5 
0   

   8
0   
1   4 
1   7 
1   2 
0   
0   
1   3 
0   

   9
1   7 
0   
0   
1   7 
0   
0   
2   1 4 
0   
0   

   10
0   
1   7 
1   8 
1   8 
0   
0   
1   2 
2   3 4 
0   
0   

   11
0   
0   
0   
0   
0   
2   7 10 
1   6 
1   10 
0   
2   6 8 
0   

   12
1   7 
1   9 
0   
0   
0   
0   
2   1 8 
1   7 
1   2 
0   
0   
0   

   13
2   6 8 
0   
0   
1   5 
1   4 
1   1 
1   13 
1   1 
0   
0   
0   
0   
1   7 

   14
1   4 
1   6 
1   7 
1   1 
0   
1   2 
1   3 
0   
0   
2   12 13 
0   
1   10 
1   10 
0   

   15
1   10 
0   
2   8 10 
0   
1   15 
0   
0   
1   3 
1   11 
2   1 3 
1   9 
0   
1   15 
0   
2   5 13 

   16
0   
0   
0   
1   14 
0   
0   
0   
1   13 
2   10 14 
4   9 12 14 16 
0   
1   10 
1   8 
3   4 9 10 
0   
1   10 

   17
1   15 
1   8 
1   14 
1   16 
1   16 
1   10 
0   
1   2 
0   
1   6 
1   13 
0   
1   11 
1   3 
1   1 
2   4 5 
0   

   18
1   12 
1   4 
1   14 
2   2 5 
1   4 
1   9 
1   14 
0   
3   6 16 17 
0   
0   
1   1 
0   
2   3 7 
0   
1   9 
1   9 
0   

   19
1   12 
0   
2   17 19 
1   10 
1   16 
1   7 
1   6 
1   19 
1   19 
1   4 
0   
2   1 17 
0   
0   
0   
1   5 
2   3 12 
0   
3   3 8 9 

   20
1   20 
2   7 13 
0   
1   12 
0   
2   7 16 
3   2 6 15 
0   
0   
1   17 
0   
2   4 19 
1   2 
0   
1   7 
1   6 
1   10 
0   
1   12 
1   1 

   21
4   7 12 13 21 
1   20 
1   21 
0   
2   10 20 
0   
1   1 
1   14 
0   
1   5 
2   15 20 
1   1 
1   1 
1   8 
1   11 
0   
0   
0   
0   
3   2 5 11 
2   1 3 

   22
3   14 17 22 
1   12 
1   10 
0   
0   
1   14 
0   
2   12 20 
0   
2   3 19 
0   
2   2 8 
0   
3   1 6 19 
0   
0   
2   1 20 
0   
2   10 14 
2   8 17 
0   
1   1 

   23
2   4 13 
0   
0   
2   1 18 
2   10 16 
0   
0   
2   11 15 
0   
2   5 16 
2   8 12 
2   11 23 
1   1 
0   
2   8 19 
2   5 10 
0   
1   4 
1   15 
1   23 
0   
0   
2   12 20 

   24
0   
1   23 
2   21 24 
1   24 
1   8 
0   
3   10 16 20 
1   5 
0   
3   7 20 23 
1   22 
1   24 
0   
1   20 
0   
1   7 
0   
0   
0   
3   7 10 14 
1   3 
1   11 
2   2 10 
3   3 4 12 

   25
0   
3   10 11 17 
1   10 
1   8 
1   22 
2   16 22 
0   
2   4 21 
0   
2   2 3 
2   2 15 
1   19 
1   15 
0   
4   11 13 19 21 
1   6 
1   2 
0   
2   12 15 
0   
3   8 15 23 
2   5 6 
1   21 
0   
0   

   26
1   4 
3   4 8 21 
0   
3   1 2 21 
0   
0   
1   15 
3   2 16 21 
0   
0   
2   25 26 
0   
1   16 
0   
1   7 
4   8 13 23 26 
0   
1   20 
1   21 
2   18 26 
4   2 4 8 19 
1   24 
1   16 
1   22 
1   11 
3   11 16 20 

   27
1   11 
5   3 8 11 13 27 
1   2 
1   8 
0   
0   
1   14 
4   2 4 14 19 
2   10 20 
1   9 
2   1 2 
1   17 
1   2 
2   7 8 
0   
0   
2   12 25 
2   20 24 
1   8 
2   9 18 
0   
0   
0   
1   18 
1   17 
0   
1   2 

   28
2   7 11 
0   
2   11 17 
2   6 27 
1   26 
2   4 9 
2   1 24 
1   22 
1   6 
0   
2   1 3 
2   13 15 
1   12 
1   26 
2   12 24 
1   21 
1   3 
3   21 26 27 
0   
0   
2   16 18 
1   8 
1   25 
2   7 15 
1   23 
3   5 14 18 
2   4 18 
0   

   29
3   18 21 27 
3   3 18 21 
2   2 22 
1   6 
1   18 
3   4 8 21 
1   16 
2   6 11 
0   
0   
1   8 
0   
1   22 
0   
2   19 27 
2   7 28 
0   
3   1 2 5 
2   15 29 
1   21 
4   1 2 6 20 
2   3 13 
0   
0   
2   27 29 
0   
3   1 15 25 
1   16 
2   19 25 

   30
1   7 
1   22 
0   
2   8 17 
4   8 16 17 26 
0   
2   1 23 
4   4 5 11 23 
2   22 26 
0   
2   8 14 
1   25 
0   
2   11 27 
2   21 26 
1   5 
3   4 5 26 
0   
2   24 27 
0   
1   15 
2   2 9 
2   7 8 
2   19 26 
1   12 
5   5 9 15 17 24 
2   14 19 
0   
0   
0   

   31
0   
1   12 
0   
1   24 
2   23 27 
0   
1   21 
2   25 30 
1   28 
4   14 18 19 30 
2   17 29 
2   2 29 
0   
1   10 
0   
0   
3   11 25 27 
1   10 
1   10 
1   24 
2   7 28 
1   26 
2   5 30 
2   4 20 
3   8 17 26 
3   22 25 29 
2   5 17 
2   9 21 
3   11 12 26 
3   8 10 23 
0   

   32
2   7 26 
3   8 15 21 
0   
2   21 30 
1   30 
2   19 26 
1   1 
4   2 9 17 25 
1   8 
0   
1   13 
1   13 
4   11 12 18 31 
0   
1   2 
0   
2   8 31 
1   13 
3   6 25 30 
0   
2   2 4 
0   
0   
1   25 
3   8 19 24 
2   1 6 
0   
1   31 
0   
4   4 5 19 31 
4   13 17 28 30 
0   

   33
5   8 21 22 30 32 
1   17 
1   21 
1   28 
1   31 
3   9 18 32 
3   8 11 18 
2   1 7 
2   6 30 
0   
2   7 16 
0   
0   
1   27 
2   16 20 
3   11 15 32 
2   2 32 
3   6 7 27 
0   
2   15 28 
2   1 3 
2   1 32 
0   
0   
0   
0   
2   14 18 
2   4 20 
0   
2   1 9 
1   5 
5   1 6 16 17 22 
0   

   34
0   
2   4 26 
2   7 16 
2   2 6 
2   18 22 
4   4 16 23 24 
2   3 31 
1   26 
1   12 
1   12 
0   
4   9 10 14 21 
1   30 
2   12 18 
1   22 
4   3 6 29 31 
1   31 
3   5 14 33 
2   27 32 
0   
1   12 
3   5 15 32 
1   6 
2   6 33 
0   
3   2 8 28 
1   19 
2   26 33 
1   16 
1   13 
3   7 16 17 
2   19 22 
3   18 24 28 
0   

   35
1   11 
0   
0   
5   6 10 19 22 33 
2   8 9 
2   4 24 
0   
2   5 21 
2   5 27 
3   4 27 35 
2   1 35 
0   
1   33 
1   24 
0   
3   21 26 35 
2   20 30 
0   
2   4 32 
2   17 26 
4   8 16 25 32 
2   4 24 
0   
5   6 14 22 25 28 
2   21 24 
2   16 20 
2   9 10 
1   24 
0   
1   17 
0   
2   19 21 
2   4 13 
0   
3   10 11 16 

   36
3   11 12 25 
3   28 32 34 
1   21 
1   18 
1   29 
2   26 33 
2   30 36 
1   19 
0   
2   19 32 
1   1 
3   1 19 36 
0   
0   
3   18 29 31 
1   18 
1   22 
4   4 15 16 34 
3   8 10 12 
2   32 34 
3   3 25 36 
1   17 
1   26 
2   32 36 
2   1 21 
2   6 23 
0   
1   2 
2   5 15 
1   7 
2   15 36 
4   2 10 20 24 
1   6 
3   2 18 20 
0   
5   7 12 21 24 31 

   37
2   28 37 
1   33 
1   21 
5   6 16 26 30 33 
0   
3   4 20 36 
3   24 28 29 
2   17 24 
0   
1   12 
1   30 
2   10 23 
2   21 22 
2   26 32 
0   
2   4 30 
2   8 24 
0   
1   36 
2   6 31 
2   3 13 
2   13 33 
2   12 36 
4   7 8 17 25 
2   24 37 
3   4 14 37 
1   30 
2   1 7 
1   7 
4   4 11 16 27 
1   20 
1   14 
3   2 4 22 
0   
0   
3   6 19 23 
3   1 25 26 

   38
4   13 14 19 27 
3   5 14 29 
1   36 
2   13 16 
4   2 8 16 27 
3   8 30 34 
0   
3   5 6 27 
2   10 36 
4   9 17 22 38 
1   35 
3   22 32 34 
2   1 4 
3   1 2 27 
1   30 
2   4 5 
1   10 
0   
3   1 20 33 
2   19 22 
0   
3   10 12 20 
0   
0   
0   
0   
6   1 5 8 14 33 37 
1   29 
2   2 28 
2   6 15 
1   32 
2   12 31 
2   19 27 
3   6 12 35 
2   11 34 
2   3 9 
1   27 
1   10 

   39
1   35 
1   8 
1   39 
1   33 
1   7 
2   15 26 
2   5 14 
3   2 16 17 
3   26 33 38 
4   17 22 26 28 
2   20 36 
0   
4   22 24 38 39 
1   7 
3   6 18 26 
3   8 24 39 
3   8 10 20 
1   15 
5   20 24 26 37 38 
3   11 17 19 
0   
3   10 13 39 
0   
4   13 16 19 39 
0   
5   6 9 10 15 19 
0   
2   10 32 
0   
0   
0   
2   28 33 
3   4 9 32 
0   
1   1 
1   11 
1   19 
3   9 13 19 
5   3 13 16 22 24 

   40
4   9 10 11 13 
2   5 29 
0   
3   19 23 36 
2   2 25 
0   
1   8 
2   7 29 
2   1 29 
2   1 11 
2   1 10 
1   26 
3   1 28 38 
2   26 32 
0   
1   29 
0   
2   34 36 
2   4 26 
1   38 
1   39 
1   40 
2   4 39 
1   30 
3   5 31 32 
4   12 14 19 27 
1   26 
3   13 30 33 
4   2 8 9 16 
2   24 28 
3   25 35 40 
3   14 25 37 
1   28 
3   18 36 39 
1   31 
4   4 18 34 38 
1   32 
3   13 20 36 
3   21 23 34 
2   22 31 

   41
6   10 15 16 32 34 40 
0   
1   9 
2   20 37 
2   15 29 
1   15 
1   26 
1   29 
5   3 12 20 30 33 
1   1 
1   29 
3   9 24 33 
1   31 
1   30 
3   1 5 6 
1   1 
5   22 25 26 29 35 
1   26 
0   
2   4 9 
2   27 35 
2   17 29 
0   
2   12 39 
3   17 26 33 
5   7 17 18 25 37 
3   21 28 38 
1   27 
5   5 8 11 17 22 
3   9 14 33 
3   13 35 40 
1   1 
5   9 12 25 30 35 
1   1 
4   17 21 31 33 
0   
2   4 26 
1   27 
1   24 
2   1 31 
0   

   42
2   10 30 
1   23 
2   13 26 
2   5 34 
4   4 8 21 29 
1   10 
1   12 
2   5 11 
1   34 
4   1 6 19 34 
2   8 25 
2   7 16 
1   3 
2   27 36 
1   34 
5   12 18 21 24 34 
1   39 
2   16 20 
2   10 27 
5   18 21 25 31 41 
4   5 16 20 24 
1   27 
2   2 38 
2   16 21 
4   11 20 34 40 
3   3 34 37 
4   14 19 22 32 
2   31 41 
1   5 
3   1 33 41 
2   20 28 
1   27 
1   30 
7   4 9 10 15 16 25 26 
0   
1   14 
1   26 
1   23 
1   17 
1   25 
3   20 28 30 
0   

   43
2   27 39 
0   
2   9 43 
2   14 42 
1   41 
1   35 
5   21 23 29 36 43 
3   12 24 39 
3   3 21 22 
4   22 23 29 42 
1   31 
3   8 18 36 
2   18 38 
1   4 
0   
0   
3   23 34 39 
3   12 13 39 
3   24 36 38 
0   
4   7 9 25 31 
3   9 10 42 
3   7 10 17 
2   8 19 
1   21 
3   28 37 39 
3   1 38 42 
2   26 34 
2   7 10 
0   
2   11 21 
0   
0   
2   17 28 
1   6 
4   7 12 19 40 
1   26 
3   13 19 27 
5   1 8 17 18 26 
1   36 
1   5 
4   4 10 22 27 
2   3 7 

   44
2   6 24 
2   19 38 
3   15 30 41 
3   14 39 42 
1   40 
3   1 10 32 
0   
2   14 30 
1   11 
5   6 19 20 32 40 
1   9 
0   
2   20 21 
2   4 8 
1   3 
2   26 28 
2   40 44 
1   19 
4   2 10 18 44 
4   10 13 23 33 
2   13 34 
2   27 35 
3   20 32 43 
1   1 
1   31 
3   16 33 34 
1   22 
3   16 34 37 
2   30 41 
5   3 8 29 36 42 
1   25 
3   6 10 23 
2   20 26 
3   21 26 28 
2   22 44 
1   30 
1   28 
1   2 
1   4 
3   5 10 17 
3   3 29 43 
3   4 30 43 
3   23 41 42 
3   17 19 35 

   45
4   15 30 31 41 
2   7 43 
1   42 
2   6 15 
3   38 40 44 
2   4 11 
1   2 
2   16 38 
0   
1   37 
6   6 19 23 26 30 45 
2   21 34 
1   25 
1   35 
3   1 4 23 
1   8 
0   
3   20 32 40 
3   11 34 35 
2   18 23 
5   12 28 30 37 38 
3   23 27 31 
5   11 15 20 22 29 
0   
1   13 
2   11 29 
2   22 32 
1   21 
3   23 26 38 
5   1 11 21 33 34 
3   1 22 35 
2   18 27 
1   30 
4   12 19 30 35 
4   14 19 31 34 
1   38 
3   10 21 40 
5   5 8 21 29 36 
1   43 
3   5 18 37 
1   1 
1   3 
2   2 39 
1   5 
1   11 

   46
2   37 39 
1   16 
0   
6   6 12 15 18 35 43 
2   6 37 
5   4 5 20 33 45 
2   12 22 
2   26 32 
2   18 34 
2   17 37 
2   12 35 
4   4 7 11 13 
2   12 29 
3   28 40 46 
1   4 
2   2 33 
3   10 31 44 
2   4 9 
3   22 30 44 
2   6 35 
0   
2   7 19 
1   41 
3   31 37 41 
3   30 32 34 
2   8 28 
1   34 
2   14 26 
1   13 
4   19 25 42 43 
4   17 24 38 46 
2   8 25 
2   6 16 
3   9 25 27 
3   4 11 20 
0   
4   1 5 10 24 
1   31 
2   1 45 
2   14 41 
3   23 24 40 
1   30 
2   4 30 
2   17 19 
2   6 39 
2   14 31 

   47
2   2 35 
2   1 29 
0   
2   24 47 
2   6 43 
5   5 14 33 40 41 
3   27 37 40 
2   13 27 
1   27 
1   41 
1   36 
1   24 
3   8 31 32 
2   6 37 
2   27 37 
0   
3   18 27 41 
1   17 
2   32 42 
2   21 33 
1   20 
0   
1   34 
4   4 12 29 34 
2   35 37 
0   
5   7 8 9 15 17 
0   
4   2 24 40 44 
5   31 39 43 45 46 
2   13 30 
2   13 19 
3   6 20 41 
4   23 24 35 42 
3   1 25 34 
2   11 37 
5   7 14 15 25 36 
1   44 
3   30 40 41 
4   6 7 29 39 
5   6 10 17 33 39 
2   19 34 
2   5 30 
2   29 38 
1   30 
1   30 
1   4 

   48
1   46 
2   11 23 
2   4 19 
4   3 6 13 28 
1   29 
2   4 12 
1   47 
1   39 
1   20 
1   25 
2   2 14 
4   6 21 42 43 
3   4 17 32 
3   11 21 32 
2   18 38 
3   24 39 43 
2   13 23 
3   15 26 35 
4   3 22 25 42 
2   9 37 
3   12 14 27 
3   19 31 33 
4   2 17 26 47 
4   16 34 37 40 
2   10 19 
3   18 23 37 
3   21 32 37 
4   4 39 44 48 
2   5 40 
1   45 
2   22 39 
5   13 14 27 45 48 
2   22 44 
1   24 
1   18 
0   
4   20 24 26 27 
2   15 48 
4   8 16 28 31 
2   24 29 
1   48 
2   12 19 
2   12 16 
2   28 33 
2   30 32 
1   1 
2   7 23 
4   28 32 38 41 

   49
2   17 20 
1   37 
3   10 28 41 
1   23 
1   43 
4   7 10 11 49 
2   6 48 
2   15 25 
1   33 
3   3 6 22 
2   6 47 
1   43 
4   14 16 44 47 
4   13 28 43 44 
4   8 24 30 37 
4   13 17 27 32 
2   1 16 
2   38 46 
0   
3   1 23 43 
2   24 39 
5   10 25 30 38 47 
4   4 20 25 48 
3   15 21 43 
3   8 22 23 
2   31 39 
1   16 
3   3 14 39 
2   30 41 
4   15 22 29 42 
1   26 
2   16 43 
1   9 
0   
0   
1   49 
3   2 15 44 
2   18 22 
3   21 26 28 
1   48 
3   3 29 44 
1   30 
6   5 12 14 20 24 32 
5   13 14 37 41 45 
1   44 
1   18 
3   11 13 22 
3   7 23 40 
2   6 36 

   50
7   5 8 12 25 39 48 49 
1   45 
0   
1   49 
4   1 12 16 50 
5   14 31 38 46 50 
3   24 34 35 
1   1 
6   13 22 25 34 36 49 
3   11 28 50 
5   10 17 27 30 36 
2   1 5 
4   9 19 30 49 
2   6 37 
1   35 
2   5 47 
3   11 35 39 
0   
1   13 
1   42 
1   47 
2   9 46 
0   
2   7 46 
3   1 9 39 
1   49 
3   11 37 48 
1   10 
0   
3   11 13 34 
3   6 34 36 
1   50 
1   50 
5   7 9 30 31 49 
5   7 15 17 41 43 
3   9 11 31 
2   14 27 
2   6 50 
3   1 17 25 
1   41 
2   35 40 
1   20 
2   35 47 
0   
1   2 
3   6 22 24 
3   16 21 43 
2   1 27 
6   1 4 9 13 26 34 
6   5 6 10 32 33 38 

   51
1   42 
1   3 
3   2 31 41 
3   11 16 21 
3   21 35 37 
2   22 44 
1   39 
4   19 20 42 43 
1   39 
1   35 
3   4 33 38 
1   34 
3   27 28 40 
1   42 
5   22 25 26 32 34 
1   4 
1   43 
2   28 31 
3   8 32 46 
2   8 21 
4   4 5 20 40 
3   6 15 44 
1   33 
1   30 
4   15 34 37 50 
4   15 40 42 49 
3   13 33 37 
2   13 18 
2   45 51 
2   24 36 
4   3 18 39 41 
2   15 19 
3   11 23 27 
5   12 15 25 39 51 
2   5 10 
3   30 44 45 
3   5 25 27 
2   11 46 
5   7 9 31 34 48 
3   13 21 26 
2   3 31 
6   1 8 14 26 45 46 
2   8 17 
3   6 22 36 
3   29 36 42 
4   19 38 42 50 
0   
1   39 
1   26 
2   25 46 
2   29 34 

   52
3   20 22 31 
1   39 
5   8 10 14 22 41 
2   5 41 
3   4 8 45 
2   18 44 
4   40 44 45 48 
4   3 5 28 39 
3   16 26 30 
3   3 14 26 
4   17 18 21 29 
3   25 26 37 
0   
2   3 10 
0   
1   9 
2   11 28 
2   6 11 
3   23 44 49 
1   1 
4   11 24 32 51 
3   1 3 43 
2   19 43 
3   21 36 50 
2   12 45 
5   9 10 12 39 40 
0   
3   8 17 46 
1   11 
2   9 43 
4   1 43 44 52 
3   21 38 47 
0   
1   41 
0   
2   24 44 
2   12 51 
1   32 
3   2 8 26 
2   7 26 
4   3 4 34 44 
3   48 49 52 
5   22 23 30 31 52 
7   6 7 19 31 36 41 51 
3   5 7 25 
1   28 
1   32 
2   7 42 
3   19 42 50 
2   24 49 
3   21 37 44 
3   31 42 43 

   53
6   7 17 18 20 49 50 
1   13 
0   
4   13 24 31 41 
4   9 23 29 36 
4   7 24 46 52 
2   1 6 
0   
2   5 49 
4   12 13 17 23 
2   22 38 
1   10 
6   2 4 10 16 28 53 
0   
2   34 37 
1   13 
6   1 10 29 42 45 48 
1   1 
2   37 49 
4   1 21 28 40 
4   20 28 33 47 
1   11 
3   5 10 29 
2   4 6 
0   
2   31 40 
3   28 33 50 
4   13 20 21 27 
4   5 17 23 43 
1   36 
4   4 26 46 51 
0   
3   21 27 38 
2   15 42 
2   44 49 
4   5 30 41 44 
2   15 19 
3   11 33 45 
0   
3   20 26 46 
5   4 36 42 47 49 
4   17 34 41 45 
1   29 
3   35 36 46 
4   17 38 42 53 
4   6 31 40 44 
2   21 41 
2   17 53 
5   1 9 19 35 41 
2   1 27 
1   31 
1   6 
3   13 45 48 

   54
2   43 48 
0   
2   6 48 
3   20 23 54 
7   8 13 18 23 28 39 43 
2   3 31 
1   23 
4   5 16 32 46 
3   13 24 48 
4   24 28 33 35 
2   34 48 
0   
4   5 9 39 51 
0   
3   31 35 45 
1   8 
0   
2   5 37 
1   21 
1   4 
3   19 30 40 
0   
6   4 5 7 25 33 45 
3   9 10 35 
2   23 49 
4   34 36 44 50 
1   28 
5   5 10 27 50 51 
1   35 
2   21 52 
5   6 15 34 35 54 
4   8 35 40 48 
5   10 23 34 46 53 
4   11 26 31 33 
7   10 15 24 29 31 32 47 
2   26 47 
3   18 40 44 
1   47 
2   5 13 
5   21 32 37 50 52 
0   
0   
2   1 5 
2   26 37 
2   15 23 
2   8 33 
3   35 36 38 
5   1 3 9 11 32 
1   25 
3   26 28 40 
2   13 28 
3   30 40 53 
2   33 52 
2   4 31 

   55
1   6 
2   40 41 
1   16 
6   12 16 23 34 37 41 
2   20 25 
2   1 42 
5   22 23 27 30 54 
2   40 54 
2   24 36 
2   33 49 
5   16 18 21 49 53 
2   4 46 
2   31 55 
3   34 37 39 
1   49 
6   3 4 11 48 52 53 
1   32 
4   11 36 40 47 
1   35 
2   5 46 
1   11 
2   7 43 
5   4 7 32 33 39 
3   9 36 44 
5   5 29 33 43 49 
2   36 48 
4   7 47 49 51 
2   49 50 
2   25 43 
1   7 
2   13 41 
3   17 23 41 
4   10 23 25 47 
3   4 14 37 
2   19 38 
4   9 18 24 26 
3   4 14 34 
1   35 
3   14 23 45 
3   2 8 18 
5   2 4 31 32 43 
3   6 43 50 
5   22 25 29 41 42 
1   24 
1   39 
2   12 20 
4   18 27 33 49 
2   16 26 
7   10 11 15 25 27 28 47 
2   28 42 
1   27 
1   16 
2   11 16 
2   7 8 
1   13 

   56
3   16 24 27 
2   29 53 
2   23 53 
3   6 30 47 
4   26 34 37 39 
4   4 28 31 32 
5   24 35 49 53 56 
3   19 25 30 
4   20 21 49 51 
3   16 20 44 
2   18 22 
3   29 33 54 
0   
3   48 50 52 
3   33 37 42 
3   1 10 27 
1   36 
4   11 22 27 51 
4   8 32 48 52 
3   9 10 46 
2   9 26 
3   11 18 31 
4   3 27 31 45 
2   1 7 
4   8 26 28 56 
6   5 21 25 40 46 54 
4   1 16 18 23 
5   6 25 37 41 48 
3   2 12 35 
2   4 8 
4   6 22 23 33 
4   6 19 45 48 
3   12 15 31 
1   5 
2   7 29 
1   17 
4   5 15 28 49 
1   49 
1   5 
1   26 
3   28 48 54 
1   15 
0   
1   10 
2   23 32 
2   20 26 
2   4 55 
5   14 19 28 32 41 
5   7 9 37 38 51 
1   14 
3   9 18 49 
2   14 19 
3   2 3 7 
3   12 26 41 
1   47 
2   7 25 

   57
3   14 29 31 
3   25 55 57 
4   5 21 46 49 
1   15 
4   3 13 17 41 
3   22 36 37 
2   30 48 
2   35 47 
1   33 
2   13 48 
4   14 18 40 52 
5   15 24 26 42 53 
4   5 10 34 52 
3   1 11 50 
7   4 12 22 35 37 43 56 
2   27 29 
3   5 20 39 
2   11 32 
2   23 30 
2   17 57 
1   3 
3   6 15 56 
4   19 30 40 47 
4   12 41 43 51 
5   2 32 43 50 51 
2   12 56 
3   16 51 55 
1   36 
4   1 16 32 52 
5   7 19 23 47 53 
2   1 55 
4   18 25 29 53 
1   9 
1   13 
2   8 15 
2   6 28 
2   6 15 
0   
1   17 
4   11 23 54 57 
2   5 24 
3   12 45 57 
3   15 24 25 
0   
2   42 52 
2   3 49 
4   8 23 30 52 
2   7 10 
2   3 46 
2   14 25 
4   24 25 27 56 
5   11 13 29 45 47 
3   12 30 32 
1   40 
3   2 27 31 
4   15 22 26 51 
4   2 20 40 42 

   58
4   6 12 14 15 
3   22 31 36 
2   17 33 
5   12 32 46 52 58 
1   42 
2   1 38 
0   
2   26 57 
2   19 36 
1   24 
3   24 25 53 
5   1 4 39 47 56 
5   25 27 34 43 51 
2   1 33 
1   1 
2   30 33 
4   3 23 24 50 
0   
6   9 33 35 40 49 54 
1   57 
1   47 
5   2 29 45 50 52 
1   17 
4   10 11 17 32 
3   11 13 35 
4   8 28 43 50 
5   13 28 41 48 49 
3   26 27 58 
2   22 41 
4   16 31 38 56 
2   2 30 
3   4 24 45 
6   3 14 16 19 35 38 
1   13 
5   19 25 33 51 56 
5   2 9 39 44 53 
0   
4   6 30 33 41 
4   12 36 41 44 
1   19 
7   27 29 38 39 53 55 57 
2   5 49 
2   13 26 
2   36 39 
2   22 32 
1   4 
2   12 21 
2   27 50 
3   19 27 42 
4   17 22 26 48 
2   13 35 
3   4 22 57 
3   11 36 41 
2   19 57 
1   41 
3   12 30 35 
5   8 20 41 52 54 
2   4 28 

   59
3   11 15 43 
1   46 
2   24 58 
4   8 28 49 50 
2   28 49 
2   11 31 
2   46 52 
4   4 11 44 55 
1   44 
3   22 29 41 
4   1 6 8 26 
3   13 44 52 
3   12 46 49 
2   32 43 
3   1 30 57 
4   22 28 41 53 
2   24 59 
1   38 
2   28 50 
0   
1   49 
3   10 16 48 
0   
4   3 17 25 52 
3   24 26 44 
9   11 25 28 33 37 42 50 55 57 
4   30 32 44 47 
6   4 5 16 19 26 45 
3   10 38 42 
3   15 27 46 
2   6 39 
2   14 27 
1   26 
0   
2   40 47 
3   37 38 48 
3   26 36 45 
4   18 29 36 51 
3   31 48 56 
2   35 48 
3   10 16 54 
3   26 29 53 
4   1 14 51 57 
5   8 9 12 25 27 
2   28 37 
4   2 7 13 30 
2   27 35 
5   22 36 39 40 49 
5   4 5 13 21 48 
5   4 19 26 53 57 
2   38 43 
3   7 12 24 
4   16 42 50 55 
1   41 
3   8 26 53 
1   39 
4   15 26 43 50 
1   3 
1   17 

   60
3   2 32 55 
5   1 7 20 39 53 
1   28 
2   28 41 
4   12 23 45 59 
3   26 45 53 
8   2 13 38 43 45 46 48 50 
2   30 46 
2   12 23 
5   27 31 32 33 34 
1   51 
4   5 9 18 56 
2   7 53 
4   18 32 44 48 
2   59 60 
1   44 
1   23 
4   12 14 22 44 
1   21 
3   2 49 59 
2   19 43 
2   18 53 
4   5 9 17 49 
2   27 52 
2   34 45 
3   6 32 33 
4   10 24 36 41 
3   3 4 50 
3   31 39 42 
1   8 
4   10 29 40 52 
5   1 10 14 26 54 
3   10 26 37 
2   10 25 
2   39 53 
2   27 60 
1   33 
2   7 52 
3   2 29 35 
3   31 41 55 
5   4 27 40 44 45 
2   29 47 
3   7 21 49 
5   14 16 18 41 60 
8   5 6 7 25 41 46 54 59 
3   7 8 45 
2   42 56 
3   7 14 58 
5   20 23 43 55 58 
2   7 28 
1   11 
3   24 31 38 
5   2 6 13 22 35 
2   32 45 
3   1 40 49 
2   12 47 
0   
2   48 49 
4   5 15 20 45 
3   15 36 44 

   61
2   38 49 
3   8 16 34 
2   4 45 
4   3 33 36 42 
0   
3   11 12 29 
2   11 57 
3   2 36 58 
4   23 30 32 35 
3   24 27 59 
3   6 7 47 
2   6 44 
1   39 
3   30 38 56 
2   34 42 
2   2 29 
3   36 37 46 
3   25 35 55 
2   21 45 
1   35 
3   19 27 53 
5   23 32 33 41 50 
2   9 22 
5   10 31 47 50 56 
3   18 32 34 
2   30 49 
8   10 21 35 36 50 51 60 61 
2   43 47 
2   6 16 
5   9 14 26 34 49 
1   24 
5   9 22 25 41 58 
5   4 22 38 43 59 
5   2 15 25 30 48 
7   9 18 20 27 38 53 59 
7   4 8 17 27 51 52 56 
3   17 49 59 
4   1 14 33 35 
2   13 43 
1   46 
3   22 32 61 
2   4 15 
3   28 33 39 
2   12 56 
4   3 19 57 59 
3   17 40 55 
3   11 24 28 
1   34 
4   1 26 30 37 
4   22 24 27 60 
3   27 36 60 
1   36 
2   21 35 
1   59 
2   18 46 
4   14 24 36 44 
2   7 45 
2   8 32 
6   10 33 35 37 45 54 
3   27 50 51 
2   27 41 

   62
4   4 24 38 59 
3   27 41 56 
0   
4   1 7 33 59 
1   47 
4   19 44 58 62 
5   4 19 22 48 55 
5   9 12 13 16 40 
5   8 15 17 54 60 
5   23 25 33 43 56 
2   21 52 
3   8 35 47 
4   8 31 38 40 
2   27 62 
2   9 23 
1   8 
5   9 37 50 60 61 
1   50 
4   6 7 25 33 
6   25 41 47 50 54 61 
4   11 27 44 62 
4   7 39 47 51 
3   10 15 41 
2   1 43 
5   10 19 20 39 49 
1   34 
3   2 14 21 
3   35 37 56 
0   
0   
1   13 
1   35 
5   4 10 19 44 58 
1   26 
4   12 28 32 53 
2   48 58 
6   17 28 41 44 52 56 
4   1 13 45 51 
3   22 25 45 
2   8 13 
7   2 20 23 37 51 61 62 
2   46 53 
3   10 24 50 
4   6 21 33 37 
2   38 39 
2   42 49 
5   5 12 20 22 56 
3   7 36 55 
3   25 46 60 
5   17 18 20 43 54 
3   22 38 41 
2   11 37 
2   35 42 
3   9 20 50 
2   7 48 
5   2 10 28 37 47 
0   
3   6 33 36 
2   1 4 
3   9 17 49 
3   17 20 41 
4   6 14 21 41 

   63
4   4 21 40 44 
8   11 14 17 25 35 55 60 63 
5   10 23 31 35 53 
4   1 21 51 63 
1   37 
3   13 18 55 
2   48 51 
3   13 27 35 
2   13 15 
9   3 16 20 24 29 55 57 60 61 
1   2 
2   41 56 
4   6 8 9 44 
1   2 
2   9 55 
2   10 23 
3   2 24 62 
3   6 27 37 
2   29 39 
5   10 35 38 40 53 
4   1 4 37 42 
1   39 
3   3 16 32 
5   10 17 27 43 58 
4   2 27 33 49 
0   
4   8 18 24 25 
2   33 58 
3   10 19 32 
1   53 
2   3 42 
5   23 29 33 42 48 
4   25 28 32 56 
1   55 
6   2 3 8 20 36 43 
3   35 52 57 
4   5 18 21 48 
3   20 39 51 
3   19 22 38 
5   1 20 54 59 63 
2   12 45 
4   21 31 32 50 
2   24 35 
3   1 13 51 
3   41 48 52 
1   59 
0   
4   7 32 37 45 
2   25 61 
1   42 
5   4 7 38 44 60 
3   36 45 60 
3   3 20 30 
1   40 
6   2 6 10 15 34 60 
2   12 33 
2   10 36 
5   24 28 60 62 63 
2   40 46 
6   2 10 51 52 55 58 
2   10 49 
2   17 58 
4   2 4 40 58 

   64
3   2 44 52 
7   1 4 8 20 22 56 58 
2   16 61 
7   2 18 19 32 37 59 61 
2   22 25 
3   47 52 62 
2   19 33 
5   2 35 41 43 45 
2   18 54 
1   62 
3   35 44 61 
2   36 39 
6   17 29 54 55 57 63 
4   32 37 42 61 
3   16 33 56 
5   3 15 37 46 63 
2   13 19 
5   4 9 23 31 48 
4   4 7 17 55 
3   2 42 50 
3   30 45 53 
7   2 5 26 31 44 52 64 
4   18 41 44 52 
1   39 
1   5 
2   22 29 
1   53 
1   61 
4   13 26 37 45 
1   21 
4   18 22 56 61 
2   4 14 
3   7 15 57 
1   57 
4   8 11 43 56 
2   12 48 
4   4 14 16 29 
2   45 51 
2   12 24 
1   53 
4   8 23 44 61 
2   14 20 
5   8 35 55 56 62 
6   1 11 22 23 41 62 
5   8 21 29 38 53 
1   16 
1   6 
2   18 36 
0   
1   20 
1   38 
4   1 6 22 23 
7   21 27 40 45 56 57 64 
2   9 13 
3   13 19 43 
6   2 15 31 35 43 53 
4   13 33 34 53 
1   2 
1   4 
0   
7   3 4 11 14 28 31 41 
4   6 10 43 44 
2   13 16 
2   22 53 

   65
2   10 18 
1   13 
8   22 31 33 38 47 48 49 62 
1   14 
4   18 33 41 44 
2   37 60 
4   10 17 26 64 
2   32 36 
3   42 51 52 
5   1 7 11 14 25 
4   10 18 39 44 
1   13 
3   2 12 47 
5   4 10 15 47 64 
7   14 24 48 53 55 56 58 
2   41 65 
3   7 32 48 
5   1 5 11 33 52 
0   
1   43 
3   25 36 61 
4   3 25 33 46 
2   40 60 
4   15 35 38 62 
3   10 21 22 
2   7 56 
5   32 48 49 55 60 
4   32 36 48 49 
1   44 
1   38 
6   3 41 47 51 56 60 
5   8 17 27 28 47 
5   3 5 18 22 46 
0   
4   24 51 54 65 
4   8 21 28 55 
1   6 
4   3 24 30 51 
3   11 56 64 
3   23 51 55 
4   5 16 31 59 
1   9 
3   20 58 61 
4   5 11 29 46 
0   
6   22 33 44 56 64 65 
7   3 13 14 31 32 49 53 
5   3 15 17 27 28 
4   3 27 28 47 
0   
6   9 31 35 38 40 57 
3   9 18 58 
2   15 47 
2   35 56 
4   15 27 36 40 
6   15 26 31 39 46 54 
1   51 
4   15 43 52 61 
1   41 
4   6 23 27 31 
3   21 43 58 
2   3 24 
0   
4   7 14 39 46 
3   16 35 46 

   66
2   54 61 
1   64 
1   62 
1   53 
3   16 48 55 
2   20 44 
3   8 14 66 
5   7 13 20 48 49 
3   38 39 51 
3   15 25 40 
2   40 51 
7   13 16 20 23 28 29 57 
4   8 12 28 60 
2   7 50 
6   10 34 45 51 55 62 
4   5 12 45 47 
1   64 
3   19 20 55 
4   18 35 40 52 
8   6 8 12 18 30 58 64 66 
5   36 37 44 52 65 
2   39 53 
3   12 34 62 
4   34 49 53 64 
4   10 38 43 48 
3   43 53 63 
1   61 
6   12 13 42 44 53 55 
3   12 55 65 
2   20 46 
2   44 62 
0   
3   37 53 56 
4   15 23 24 57 
1   19 
2   21 56 
3   21 33 54 
2   9 25 
2   9 22 
5   10 11 19 48 62 
0   
4   28 46 54 60 
4   25 26 45 59 
6   6 21 28 31 48 64 
3   15 16 43 
6   30 42 51 58 62 64 
1   16 
5   5 8 25 40 44 
2   8 24 
1   14 
5   9 11 15 46 55 
2   19 21 
7   4 22 24 26 28 33 62 
3   1 37 42 
6   5 15 18 28 29 51 
2   33 36 
2   12 34 
3   20 46 63 
1   43 
2   13 42 
3   1 27 63 
7   3 15 23 31 40 46 53 
3   26 58 61 
6   2 17 20 24 44 46 
2   21 29 
2   7 20 

   67
0   
2   5 44 
3   10 18 20 
2   31 55 
3   2 8 57 
1   51 
2   9 64 
3   5 63 67 
4   7 11 53 64 
5   3 20 24 40 59 
4   9 27 28 50 
3   17 29 41 
1   18 
2   17 35 
3   25 53 63 
3   19 25 64 
4   12 14 25 59 
3   3 13 40 
3   16 40 44 
3   3 10 44 
1   55 
2   34 39 
3   26 42 65 
2   10 56 
4   15 16 17 38 
5   23 38 43 51 52 
2   11 42 
3   11 46 65 
4   12 56 61 63 
3   33 57 64 
5   4 32 46 50 59 
2   31 61 
3   30 43 58 
6   22 50 56 61 65 66 
3   14 51 52 
1   54 
2   58 66 
2   25 26 
3   22 41 58 
4   10 18 19 48 
2   12 39 
4   23 27 53 56 
4   26 33 58 60 
4   2 19 20 61 
1   65 
2   28 31 
1   65 
1   40 
2   57 66 
4   11 31 34 61 
4   6 26 35 62 
4   26 35 54 67 
4   9 15 42 59 
2   36 52 
2   4 21 
4   24 29 34 42 
4   5 30 49 61 
5   33 37 39 43 61 
6   10 17 31 53 62 66 
1   43 
9   29 32 34 44 50 57 58 62 66 
3   51 59 61 
3   8 15 29 
4   7 9 16 30 
5   23 28 34 45 47 
5   34 37 49 59 61 
2   8 52 

   68
6   14 19 32 47 54 61 
0   
5   6 24 29 48 63 
1   10 
3   6 40 51 
2   3 5 
7   22 24 26 32 42 44 63 
5   16 29 63 65 68 
2   13 34 
3   4 51 62 
5   36 42 55 61 62 
1   32 
5   9 15 22 27 63 
4   1 39 65 68 
4   13 21 58 64 
2   8 42 
2   47 59 
2   19 26 
4   1 18 41 58 
4   37 47 57 59 
4   15 40 43 47 
6   7 13 36 39 40 48 
2   36 65 
2   3 7 
1   32 
6   7 18 37 39 43 44 
3   13 35 40 
1   30 
2   3 8 
4   28 33 37 64 
1   57 
7   1 7 12 25 41 51 52 
3   30 56 68 
3   9 63 66 
3   27 45 56 
6   11 22 23 44 47 51 
5   20 26 30 59 61 
1   55 
3   14 22 26 
6   5 21 22 27 67 68 
3   19 32 45 
3   7 11 16 
3   21 26 67 
4   7 26 36 55 
3   35 41 60 
1   60 
5   1 17 20 21 36 
4   3 22 50 55 
1   63 
3   48 58 60 
6   5 10 32 36 60 62 
1   32 
0   
2   1 68 
4   11 38 44 48 
2   33 35 
2   20 31 
3   15 19 50 
4   17 20 37 60 
6   45 46 50 51 59 65 
4   1 11 37 68 
3   10 11 51 
6   3 7 8 13 34 49 
2   15 30 
4   8 14 23 60 
1   34 
2   40 43 
6   8 14 33 40 54 61 

   69
2   13 27 
1   35 
6   22 29 45 47 59 61 
4   25 33 37 55 
5   47 48 64 65 68 
5   8 9 12 43 56 
3   14 44 45 
2   6 15 
3   6 51 67 
4   16 18 44 60 
5   21 30 38 42 56 
2   6 49 
1   1 
4   7 46 57 64 
4   8 27 28 43 
4   10 21 55 61 
2   20 57 
2   10 69 
1   44 
2   17 47 
3   11 16 57 
3   3 35 57 
2   31 49 
3   29 37 43 
2   4 63 
1   33 
4   1 15 35 69 
6   15 35 45 57 59 61 
2   3 24 
3   11 50 59 
3   23 35 60 
1   69 
5   4 26 41 44 46 
3   58 60 69 
10   2 22 27 28 31 40 43 48 59 60 
1   61 
4   4 24 60 66 
2   11 50 
2   55 63 
2   35 52 
2   33 61 
3   11 54 65 
4   6 15 24 35 
6   7 10 19 33 45 49 
6   3 7 28 44 47 52 
3   14 33 61 
4   3 5 20 45 
3   5 35 67 
3   12 23 44 
3   30 38 52 
1   9 
4   40 45 50 62 
2   62 69 
3   42 67 68 
4   4 16 39 69 
4   6 11 63 69 
6   14 17 21 22 28 68 
1   34 
4   3 28 30 35 
5   10 31 34 35 37 
6   3 16 28 36 41 46 
2   52 53 
3   25 39 56 
2   5 14 
3   5 42 69 
1   37 
3   9 48 54 
3   5 54 57 
8   18 27 32 34 53 55 56 65 

   70
2   24 42 
2   30 58 
3   12 30 41 
1   14 
2   58 62 
1   50 
3   26 33 65 
8   12 13 22 24 32 34 53 60 
3   29 35 61 
3   15 32 55 
4   24 28 47 50 
5   3 8 27 36 45 
5   8 41 46 49 63 
5   4 28 33 52 68 
3   10 29 31 
4   62 66 67 69 
2   42 52 
3   20 32 59 
3   30 53 56 
3   18 38 52 
8   23 25 27 28 38 44 46 65 
3   8 34 44 
3   21 50 53 
7   1 8 11 35 36 39 54 
2   21 65 
3   7 39 46 
4   12 21 37 45 
4   11 14 21 60 
4   9 15 37 63 
4   2 3 19 42 
2   15 60 
4   8 10 18 33 
8   7 14 32 38 42 47 59 64 
5   8 22 39 66 70 
4   9 24 54 67 
5   12 24 37 42 64 
4   27 29 36 39 
3   20 21 33 
4   24 26 34 37 
1   69 
2   3 13 
6   1 17 30 33 36 60 
1   56 
3   21 22 60 
4   12 27 66 67 
3   13 21 26 
3   11 33 50 
1   67 
4   13 50 56 60 
6   6 11 23 47 49 58 
1   67 
3   14 17 20 
4   8 19 23 54 
3   24 35 53 
1   10 
4   19 43 49 59 
0   
5   2 5 50 63 67 
3   18 33 56 
6   8 28 31 42 44 49 
1   9 
3   5 16 69 
3   13 29 58 
2   33 36 
3   7 21 25 
3   16 34 45 
6   16 35 45 48 51 58 
1   14 
3   16 40 62 
1   34 

   71
4   20 42 49 50 
4   18 31 33 61 
7   10 12 15 22 43 63 67 
3   7 22 65 
4   10 41 52 69 
2   23 41 
1   4 
2   9 70 
4   8 20 30 38 
3   3 5 27 
2   44 54 
3   3 65 66 
1   20 
2   36 55 
6   3 20 40 50 52 64 
3   43 49 57 
1   69 
3   2 46 62 
3   56 60 69 
6   1 9 13 15 25 70 
3   31 33 49 
2   3 4 
4   6 24 33 60 
5   23 26 40 47 69 
2   20 67 
6   24 42 57 59 64 70 
4   10 35 54 69 
3   65 66 69 
1   55 
2   9 57 
2   2 21 
0   
5   2 21 23 40 56 
4   47 51 57 69 
2   27 45 
7   14 37 38 56 67 70 71 
1   36 
2   9 36 
2   47 52 
5   15 24 33 44 45 
3   5 6 67 
4   1 26 56 65 
4   3 16 65 67 
4   11 40 53 61 
4   35 40 47 61 
3   18 63 66 
4   24 34 39 45 
2   49 66 
4   1 16 21 48 
5   1 15 54 63 67 
3   34 53 64 
3   5 15 39 
2   44 51 
3   11 27 50 
5   14 29 66 69 70 
5   19 33 36 42 71 
6   16 26 30 34 68 71 
3   60 69 71 
1   26 
3   19 23 58 
3   2 44 45 
3   18 64 65 
4   3 46 50 71 
4   15 26 51 62 
6   4 12 28 42 43 62 
5   12 28 46 48 55 
6   3 25 36 41 43 50 
1   57 
10   5 17 19 24 27 28 34 55 58 71 
5   8 20 26 36 55 
6   36 56 57 58 63 69 

   72
4   6 15 41 47 
4   3 50 62 68 
4   2 5 28 71 
4   15 21 32 72 
6   3 7 13 16 34 65 
4   1 24 29 32 
3   5 21 56 
2   18 26 
3   31 45 63 
2   28 38 
1   13 
5   13 15 20 31 37 
8   5 11 12 16 27 38 48 54 
4   36 60 61 67 
3   1 4 12 
3   5 13 32 
3   27 30 63 
2   8 27 
7   37 39 51 53 56 60 66 
4   12 22 32 46 
4   4 7 49 72 
1   20 
3   33 48 57 
1   6 
5   27 30 37 44 62 
3   8 52 71 
6   13 17 18 25 28 55 
3   3 10 27 
2   6 40 
6   17 25 37 50 55 61 
4   9 12 40 63 
7   4 6 16 20 35 50 54 
2   23 68 
3   5 47 55 
5   32 44 53 70 72 
3   14 44 72 
7   12 19 25 30 49 50 67 
4   10 13 52 58 
3   19 48 53 
5   29 31 52 61 62 
1   1 
2   58 69 
1   60 
3   25 35 36 
3   9 55 71 
2   20 57 
3   1 34 60 
4   13 23 39 63 
2   21 37 
6   2 30 32 37 68 69 
1   19 
4   26 38 40 62 
3   19 35 39 
4   13 32 64 69 
6   27 30 34 45 64 69 
4   7 19 59 61 
4   23 46 60 71 
2   38 42 
1   56 
5   14 19 43 47 57 
4   14 30 40 56 
4   2 25 40 52 
4   9 17 31 48 
2   54 55 
2   5 71 
1   19 
2   14 37 
3   2 33 50 
4   42 50 54 55 
1   35 
5   3 26 45 57 65 
4   4 21 35 36 

   73
5   22 32 55 58 63 
7   7 13 33 44 51 62 64 
6   17 36 42 47 67 71 
4   5 25 49 72 
5   4 12 16 45 60 
4   20 38 54 55 
2   2 22 
3   28 36 50 
1   63 
4   13 26 35 43 
2   12 31 
3   5 11 55 
3   2 10 56 
5   21 22 23 34 70 
1   58 
3   5 56 72 
1   3 
2   33 57 
1   42 
6   6 24 32 35 40 41 
3   14 39 43 
7   1 7 14 30 38 62 68 
3   14 47 61 
2   20 68 
5   4 43 47 62 72 
3   10 27 58 
5   26 31 39 53 73 
5   8 43 49 61 62 
2   36 71 
4   22 46 66 67 
3   11 27 71 
4   1 20 48 60 
4   2 18 40 52 
5   14 52 53 64 66 
3   10 20 55 
3   3 8 29 
2   54 58 
5   6 22 58 62 66 
2   21 27 
3   20 33 61 
5   20 46 50 51 73 
2   3 19 
8   10 21 25 28 44 51 62 64 
2   2 43 
3   5 63 68 
3   30 41 66 
4   3 23 25 55 
2   32 53 
4   4 28 58 63 
2   8 41 
5   2 41 43 58 63 
4   33 34 71 73 
3   27 34 48 
3   6 37 61 
7   1 6 12 35 47 65 67 
2   13 16 
1   18 
8   1 15 26 37 38 49 51 65 
0   
2   5 32 
6   23 28 40 54 69 73 
6   2 22 25 28 38 43 
5   1 9 45 49 51 
3   2 34 43 
3   55 58 69 
5   30 34 38 46 69 
3   3 30 55 
3   22 24 45 
3   61 65 66 
1   14 
4   3 29 31 52 
3   4 16 25 
4   27 41 52 61 

   74
2   7 30 
1   50 
3   22 33 48 
1   19 
4   25 36 57 62 
5   23 25 37 53 68 
3   1 8 12 
5   7 23 26 32 41 
4   35 39 66 73 
5   20 28 39 55 58 
2   19 50 
4   7 24 42 50 
2   20 38 
2   39 53 
4   31 49 67 73 
3   21 66 73 
0   
2   31 67 
7   4 11 22 23 27 38 41 
4   10 13 45 73 
2   16 60 
4   3 19 34 57 
5   6 8 19 31 40 
5   12 35 36 58 68 
7   5 6 30 43 60 67 74 
5   8 37 46 61 70 
3   19 41 46 
3   10 30 55 
3   41 55 70 
4   1 25 28 34 
5   15 18 23 47 61 
2   8 63 
3   3 49 74 
3   22 30 38 
7   9 24 42 46 48 64 71 
2   5 24 
5   6 26 48 53 66 
7   13 19 34 41 42 61 64 
8   9 10 14 49 50 61 63 69 
3   23 56 57 
5   8 19 27 29 38 
4   12 35 38 53 
2   25 59 
2   57 70 
4   20 51 65 69 
5   26 27 35 50 59 
1   31 
3   3 35 37 
6   15 33 39 52 71 72 
7   2 11 12 39 46 52 60 
1   45 
2   49 50 
5   6 14 37 42 65 
2   55 57 
5   10 28 29 54 73 
1   40 
5   5 22 40 44 54 
3   10 24 62 
4   43 46 67 73 
5   21 25 50 62 65 
5   26 31 38 39 71 
3   5 58 60 
3   32 39 71 
2   35 38 
3   45 53 60 
3   9 16 37 
4   15 18 25 59 
2   6 24 
2   39 45 
3   26 29 44 
4   35 49 61 63 
1   49 
6   9 15 16 20 55 59 
2   25 33 

   75
4   17 53 65 73 
2   6 47 
4   5 12 40 51 
5   6 18 21 64 73 
5   3 12 26 45 71 
6   2 4 10 21 27 69 
4   15 48 53 56 
2   46 60 
3   26 37 62 
2   6 74 
2   42 72 
4   3 5 34 57 
2   28 30 
2   23 53 
5   7 20 45 48 57 
1   26 
6   1 43 52 67 68 70 
4   4 29 45 74 
2   32 57 
3   15 68 75 
3   4 6 69 
1   50 
1   14 
1   45 
2   30 40 
9   5 9 16 35 43 48 51 55 74 
4   6 59 67 73 
3   13 44 56 
4   18 45 69 73 
6   13 25 34 48 55 73 
3   38 43 45 
1   19 
7   43 44 46 58 59 61 69 
3   12 30 56 
2   26 46 
0   
2   9 46 
4   31 46 61 65 
0   
4   3 25 54 59 
1   63 
2   11 54 
5   17 26 31 33 68 
6   28 33 45 63 64 74 
10   5 15 18 24 29 31 44 55 69 75 
6   8 33 35 37 38 58 
2   2 70 
6   7 15 26 30 73 75 
0   
2   22 68 
4   3 26 63 75 
2   17 56 
3   1 7 14 
4   40 42 58 59 
3   26 30 45 
5   7 28 34 52 60 
6   12 15 19 58 59 67 
5   33 46 54 57 59 
7   27 33 40 54 57 58 61 
4   8 56 69 72 
6   33 38 59 62 68 72 
2   9 61 
3   41 44 51 
3   4 44 71 
2   1 38 
0   
3   17 27 57 
5   17 20 43 50 61 
7   6 21 29 33 45 60 70 
5   17 47 69 72 74 
2   5 64 
4   11 60 61 70 
7   1 4 27 29 30 48 75 
5   10 18 26 44 70 
5   20 45 48 51 73 

   76
3   4 18 47 
5   16 20 21 60 73 
2   57 73 
4   1 17 32 73 
5   30 32 39 67 68 
6   20 50 55 61 68 74 
6   17 28 42 43 58 73 
1   67 
4   16 18 45 62 
4   36 47 55 65 
1   61 
6   25 44 47 49 50 64 
3   33 48 76 
2   42 54 
3   23 31 67 
3   2 9 37 
5   4 7 44 48 66 
6   1 9 25 49 73 75 
2   21 33 
6   2 6 22 27 63 69 
4   2 19 57 68 
2   20 60 
7   15 26 32 47 55 56 70 
3   42 54 56 
7   12 18 26 31 32 39 67 
3   23 25 55 
2   20 31 
2   7 64 
1   58 
2   5 54 
5   15 25 27 35 66 
6   4 5 23 25 37 70 
5   13 19 52 63 64 
0   
2   31 36 
6   10 35 48 51 65 69 
3   16 32 59 
2   55 62 
2   5 25 
1   45 
4   47 69 74 76 
5   7 14 24 50 70 
3   7 47 58 
3   12 17 69 
3   9 40 61 
2   50 61 
8   1 10 12 23 41 43 49 52 
5   13 17 36 63 70 
6   12 18 47 56 60 75 
5   6 12 42 46 76 
1   36 
3   33 47 76 
0   
4   14 24 30 66 
6   6 10 23 26 38 59 
3   23 24 49 
3   3 21 64 
5   7 29 43 61 73 
3   37 55 65 
3   2 22 49 
6   6 11 45 46 58 66 
3   9 38 72 
5   20 33 48 64 74 
5   12 28 33 57 63 
3   10 36 59 
5   17 31 54 61 75 
5   5 8 15 25 74 
3   5 6 21 
4   20 36 41 44 
5   23 32 42 48 71 
3   70 73 76 
1   62 
7   2 3 4 7 18 58 71 
4   6 41 63 67 
3   18 49 66 
5   13 41 50 52 71 

   77
6   3 14 19 32 57 75 
5   4 20 23 65 68 
6   1 9 10 42 48 64 
4   2 6 32 67 
3   27 45 67 
5   4 22 39 51 55 
1   48 
3   11 32 74 
4   3 11 19 35 
2   3 27 
4   8 9 46 61 
3   16 61 62 
6   18 47 49 55 75 76 
4   1 33 59 74 
5   25 39 50 62 73 
6   12 24 27 39 45 73 
3   28 46 76 
3   13 54 68 
5   1 9 27 46 65 
3   2 21 33 
3   20 22 31 
4   6 21 44 68 
2   2 63 
5   16 33 42 50 68 
6   15 36 40 54 64 72 
2   50 68 
6   5 10 16 19 29 64 
3   17 34 61 
1   27 
5   34 37 49 50 71 
4   21 33 54 61 
5   1 4 8 36 59 
6   14 20 24 31 60 64 
3   28 30 53 
5   9 55 58 70 76 
5   25 32 38 41 59 
4   30 46 61 68 
3   36 39 68 
5   6 15 16 38 69 
4   25 44 58 74 
1   36 
2   3 24 
1   77 
3   22 40 66 
2   5 16 
4   11 17 19 37 
2   13 74 
3   3 7 71 
3   13 30 67 
5   15 24 26 30 76 
3   6 63 71 
2   68 69 
1   34 
3   18 25 31 
4   6 13 35 63 
1   61 
1   1 
2   35 40 
3   14 32 36 
1   33 
7   11 12 28 31 37 56 69 
2   12 15 
3   23 51 55 
5   3 25 27 33 77 
3   2 19 72 
2   44 67 
5   4 5 49 66 77 
10   2 18 22 24 26 37 38 52 69 73 
4   39 52 61 68 
1   35 
5   30 48 51 72 76 
3   25 65 71 
3   15 16 68 
5   8 14 40 47 75 
3   1 13 74 
5   13 17 35 50 71 
3   43 64 67 

   78
5   10 42 57 58 60 
3   41 52 73 
4   4 24 36 58 
4   3 44 47 78 
0   
0   
2   52 54 
5   20 22 40 43 46 
3   10 46 69 
5   1 9 22 59 69 
1   13 
3   48 49 50 
5   11 17 18 43 76 
7   18 30 32 42 53 66 73 
6   18 26 32 59 65 69 
3   23 27 33 
4   13 32 61 78 
5   13 14 15 37 58 
3   27 62 65 
5   8 27 28 36 62 
7   29 31 34 37 43 61 76 
3   8 10 73 
5   16 26 37 48 51 
6   3 26 36 64 67 72 
1   34 
6   15 23 24 28 52 78 
7   16 19 20 42 61 67 68 
2   20 26 
8   21 32 34 54 55 67 70 71 
2   14 76 
3   21 33 43 
7   14 15 17 29 41 56 70 
3   16 31 60 
5   21 25 29 43 58 
3   38 48 59 
6   3 20 24 42 64 73 
5   18 21 23 40 41 
5   35 46 58 64 65 
1   48 
2   8 37 
4   2 32 37 68 
6   1 14 27 36 54 63 
10   8 13 21 31 34 48 54 64 70 72 
2   4 70 
2   62 76 
5   8 9 38 71 78 
2   4 49 
6   12 23 35 39 43 70 
3   12 47 61 
2   12 61 
3   23 62 78 
4   2 7 26 54 
2   14 56 
6   7 29 42 43 52 72 
2   29 60 
2   32 53 
1   1 
6   1 3 18 34 38 59 
6   10 15 35 58 73 75 
3   1 33 55 
7   17 21 27 49 50 76 78 
4   19 20 45 51 
1   42 
4   24 36 38 43 
3   15 19 38 
2   14 75 
3   24 27 29 
2   27 41 
3   9 10 15 
5   29 32 43 44 48 
2   29 46 
3   24 43 54 
6   2 14 22 36 59 74 
1   73 
2   59 66 
5   13 21 30 45 61 
0   
6   4 17 26 46 51 61 

   79
4   38 43 50 67 
2   52 74 
3   30 36 62 
3   23 45 77 
4   15 31 42 53 
5   9 20 39 60 78 
4   29 48 51 71 
4   15 20 59 75 
3   6 35 73 
3   22 25 66 
2   33 61 
3   53 65 78 
1   24 
2   34 43 
3   5 8 44 
2   49 65 
5   19 25 47 52 63 
4   26 36 51 64 
5   17 39 57 75 77 
6   6 8 26 41 63 66 
1   59 
8   10 35 38 42 43 51 57 70 
5   4 33 53 59 64 
3   13 29 37 
6   10 17 40 41 65 77 
4   18 20 29 35 
2   36 57 
2   61 71 
7   7 24 26 34 42 75 78 
3   3 56 61 
3   5 44 53 
3   41 54 57 
3   11 23 70 
4   14 29 35 60 
7   9 22 26 34 37 56 77 
4   3 18 27 46 
5   24 35 56 59 73 
3   1 22 51 
4   6 19 40 69 
2   25 39 
5   20 25 32 42 60 
7   5 22 29 41 65 67 78 
6   1 14 22 64 77 78 
5   15 31 47 51 57 
2   4 54 
3   36 55 69 
4   17 44 48 58 
2   7 47 
5   16 51 52 61 79 
4   1 54 57 66 
6   7 18 22 38 44 49 
5   2 17 49 59 75 
7   5 12 23 31 56 68 79 
4   32 45 50 55 
6   46 54 73 76 77 78 
4   30 35 37 53 
7   19 22 27 32 44 50 74 
2   47 77 
5   8 21 23 37 52 
3   6 34 41 
5   11 28 30 49 63 
4   3 64 66 72 
3   17 20 61 
4   18 23 43 62 
4   12 16 25 42 
5   10 20 50 62 68 
2   1 42 
2   53 66 
2   39 46 
2   22 33 
3   7 28 73 
2   62 78 
4   9 37 55 71 
2   2 57 
4   8 19 29 52 
1   55 
7   4 19 25 35 43 55 58 
7   6 12 29 42 43 55 72 
2   49 53 

   80
3   19 45 70 
4   5 25 33 51 
3   19 35 44 
2   40 61 
7   2 28 29 34 55 74 79 
1   70 
3   34 38 77 
8   12 14 37 41 43 51 52 70 
2   12 42 
1   77 
3   29 69 76 
6   8 9 14 30 37 38 
2   49 71 
4   8 12 27 69 
2   19 55 
1   38 
4   33 50 55 63 
6   20 43 45 65 75 76 
5   1 3 15 70 80 
6   18 21 29 34 54 60 
4   20 33 66 67 
5   37 49 53 54 78 
5   28 53 58 63 67 
2   70 72 
4   2 35 42 58 
1   29 
8   14 33 34 35 40 68 69 73 
4   5 23 49 59 
5   5 11 20 26 52 
2   12 72 
3   39 74 80 
3   34 67 75 
6   2 17 21 27 44 50 
8   5 7 20 27 32 44 61 70 
5   3 25 27 44 46 
1   65 
4   8 12 22 42 
6   7 12 16 59 64 73 
3   31 68 69 
3   4 27 55 
1   8 
6   9 25 37 47 65 75 
3   8 18 78 
4   3 33 34 35 
3   1 18 52 
4   35 64 72 78 
5   42 56 58 64 76 
4   62 68 73 75 
4   13 22 28 76 
3   17 33 64 
5   2 8 52 57 68 
6   8 29 45 51 60 80 
4   22 23 55 64 
2   20 22 
5   5 15 17 40 53 
3   47 69 70 
3   51 68 75 
3   23 25 47 
3   28 38 66 
3   20 52 70 
3   4 34 72 
1   48 
2   17 23 
6   38 46 47 50 53 78 
4   18 36 42 79 
2   21 59 
3   21 23 32 
6   27 39 48 51 57 80 
5   11 14 27 39 56 
9   1 6 8 19 24 34 56 60 79 
1   13 
4   24 30 46 61 
3   27 38 48 
2   5 31 
6   18 32 42 48 57 77 
5   11 18 47 49 78 
3   7 10 75 
5   22 43 46 64 76 
3   5 65 70 
4   19 31 52 68 

   81
1   59 
2   7 49 
4   5 6 20 73 
3   39 44 46 
3   3 36 52 
4   3 12 27 67 
4   2 8 63 79 
3   7 52 63 
0   
1   23 
3   41 64 67 
7   6 22 35 36 63 71 79 
5   26 28 32 57 72 
2   48 69 
5   16 25 30 32 51 
7   15 26 40 47 48 53 61 
3   20 31 61 
5   45 52 63 70 79 
2   40 54 
4   3 17 22 52 
1   39 
4   12 20 47 56 
6   10 33 50 52 64 73 
2   25 62 
3   15 24 58 
2   13 16 
4   6 43 48 67 
6   13 37 40 43 73 77 
3   50 72 75 
2   15 67 
4   17 38 39 43 
3   13 15 46 
5   23 43 53 55 59 
2   36 49 
6   12 42 57 73 74 77 
5   5 12 34 51 62 
2   28 64 
5   31 39 48 64 74 
8   4 21 31 38 42 56 61 68 
8   16 19 28 54 63 64 67 81 
2   11 67 
2   35 39 
8   27 28 31 33 53 60 70 73 
1   4 
4   18 54 71 79 
7   4 32 55 60 63 65 68 
2   16 22 
4   14 16 27 38 
3   2 34 58 
4   23 29 67 71 
3   15 36 70 
7   5 8 18 20 23 61 75 
6   16 33 43 63 74 75 
7   19 40 45 60 69 72 78 
3   33 46 74 
3   22 39 68 
5   13 35 70 76 78 
3   25 49 60 
4   1 33 63 73 
4   43 46 54 58 
5   16 17 39 52 68 
2   24 36 
8   7 8 12 18 40 46 53 59 
7   11 23 37 38 40 73 79 
2   46 67 
0   
10   6 11 27 30 40 41 50 65 69 77 
6   39 46 56 61 69 70 
4   14 54 67 68 
5   18 43 51 57 68 
3   12 45 50 
3   13 29 54 
8   3 23 28 35 43 59 64 79 
5   35 38 53 55 80 
4   29 52 53 78 
1   57 
3   28 35 67 
3   54 57 75 
6   7 12 18 45 64 73 
2   74 81 
2   40 80 

   82
2   14 38 
5   17 35 50 67 79 
6   14 22 27 34 67 76 
4   14 49 50 70 
5   11 19 37 51 67 
4   49 56 66 80 
2   40 41 
4   38 70 76 78 
4   19 26 40 82 
2   32 66 
8   5 24 41 51 57 63 74 79 
5   57 62 67 75 78 
3   15 49 66 
6   1 3 4 25 38 59 
4   13 47 54 64 
1   33 
4   2 53 58 68 
5   25 37 60 72 81 
4   5 9 31 79 
2   33 67 
2   40 41 
5   3 23 59 68 78 
3   22 52 71 
2   11 49 
5   14 18 73 77 80 
3   9 32 51 
3   3 49 56 
3   40 42 53 
2   35 80 
3   35 40 47 
4   19 33 69 73 
4   10 26 47 68 
6   16 20 31 53 63 70 
2   3 46 
9   2 29 30 36 37 54 69 71 82 
3   35 46 57 
6   5 18 35 38 63 79 
8   1 8 14 37 42 44 74 79 
1   71 
7   7 9 21 28 30 44 74 
5   7 11 21 56 72 
3   28 38 81 
4   53 58 65 68 
2   38 40 
1   80 
5   34 36 47 61 68 
5   15 30 32 46 60 
2   53 81 
6   4 6 13 24 27 73 
3   2 4 59 
5   5 11 26 65 75 
3   23 67 72 
5   17 28 33 43 48 
4   15 35 56 76 
2   77 78 
4   6 27 41 54 
3   11 12 36 
4   17 43 62 81 
6   14 22 50 74 75 80 
6   18 47 65 68 73 79 
1   46 
3   12 58 64 
4   11 33 37 73 
2   15 62 
4   43 51 60 66 
4   6 10 13 65 
6   2 3 5 12 20 52 
7   17 22 32 43 46 60 75 
3   31 35 75 
4   4 8 33 71 
4   23 35 39 70 
4   18 41 52 80 
5   25 31 49 60 63 
4   11 38 40 59 
5   12 51 59 68 69 
4   3 8 54 80 
4   25 55 78 82 
5   8 12 22 55 77 
7   2 11 19 37 38 60 80 
8   6 25 29 45 59 72 76 79 
4   18 42 48 58 
3   9 35 77 

   83
6   4 13 41 47 60 72 
3   77 82 83 
4   9 18 55 79 
5   1 25 62 76 81 
5   9 18 23 31 47 
4   15 24 40 54 
6   25 44 62 71 79 80 
5   11 12 51 55 70 
5   3 5 53 55 61 
2   58 79 
4   8 16 17 28 
2   8 72 
9   1 17 23 34 37 47 63 73 83 
4   19 37 70 78 
5   6 18 46 60 71 
4   11 62 80 83 
4   11 13 71 83 
7   3 5 15 26 42 64 71 
4   14 28 47 74 
5   22 28 63 70 74 
3   47 73 77 
6   20 23 24 47 57 64 
6   5 13 22 59 66 74 
5   6 22 54 66 69 
5   4 7 46 72 81 
4   18 29 30 48 
0   
6   11 19 20 33 41 63 
3   26 37 79 
2   26 36 
2   5 39 
3   50 53 75 
4   28 47 58 63 
5   13 45 50 77 78 
1   55 
2   30 78 
3   13 14 29 
1   54 
3   31 52 56 
2   6 50 
2   1 28 
2   18 52 
1   79 
3   7 61 66 
2   34 48 
4   15 25 47 72 
9   1 5 13 19 21 22 33 46 52 
3   26 45 65 
0   
7   32 34 40 54 64 66 67 
3   8 53 61 
7   39 42 47 58 67 72 81 
3   9 32 51 
7   6 24 38 50 71 79 82 
4   3 8 9 35 
1   39 
2   22 83 
4   10 33 52 82 
4   23 66 82 83 
2   1 15 
6   9 44 51 74 75 77 
3   4 7 16 
5   13 20 28 33 78 
4   18 22 50 67 
1   48 
6   23 24 44 50 59 82 
6   50 52 64 68 72 78 
2   67 73 
1   24 
4   8 14 20 81 
6   7 15 17 18 54 82 
6   1 12 25 46 52 67 
4   13 21 68 83 
5   19 20 23 61 79 
3   32 61 82 
2   4 80 
4   2 21 34 61 
5   14 34 36 63 67 
8   3 7 10 29 43 54 74 81 
4   7 16 76 81 
6   4 25 52 70 79 80 
7   2 54 58 59 66 71 75 
7   2 13 16 17 57 59 73 

   84
1   60 
2   20 51 
1   69 
6   20 34 50 56 60 64 
1   20 
4   38 59 70 84 
2   18 73 
6   26 27 39 43 49 70 
5   20 21 30 35 46 
5   17 29 40 45 62 
2   54 84 
2   25 43 
5   18 28 38 48 71 
4   24 36 41 58 
4   29 43 73 75 
4   50 58 71 84 
2   10 61 
4   7 13 30 57 
3   31 35 82 
6   2 4 5 9 52 78 
3   9 65 83 
4   23 63 73 81 
6   22 51 58 65 72 78 
2   14 83 
6   12 28 65 66 73 80 
4   8 32 33 45 
4   8 33 41 43 
5   13 25 51 64 76 
4   10 15 69 80 
6   9 18 36 48 55 83 
4   19 47 50 82 
7   26 33 41 43 46 61 80 
8   26 27 32 38 55 58 70 71 
3   4 35 51 
4   9 19 34 65 
5   14 30 43 71 75 
2   40 43 
6   6 13 33 49 58 81 
2   8 79 
4   10 37 60 83 
5   14 27 32 79 82 
2   48 73 
7   8 12 15 27 32 36 37 
3   47 73 78 
4   10 26 69 70 
5   9 32 63 65 72 
3   31 44 58 
8   13 30 42 54 58 62 68 69 
2   8 38 
6   4 16 31 64 73 82 
5   2 23 28 34 82 
3   20 56 59 
1   78 
6   11 48 64 65 69 82 
4   30 33 57 65 
4   4 52 70 74 
3   18 55 64 
8   14 16 23 33 38 47 48 63 
4   6 52 67 78 
5   1 4 40 64 66 
2   17 32 
3   10 48 65 
3   22 46 58 
7   4 28 50 54 57 60 73 
8   21 23 25 35 46 54 55 62 
2   25 60 
1   59 
4   48 70 76 83 
5   3 29 45 48 54 
7   6 8 33 45 56 68 75 
5   13 16 33 36 76 
3   23 46 75 
8   7 15 22 25 42 44 50 64 
1   56 
5   15 36 70 72 78 
3   28 68 71 
0   
6   20 23 44 53 59 75 
3   39 41 84 
3   25 29 32 
2   22 38 
7   19 31 41 50 51 54 84 
5   21 24 30 40 68 
5   6 11 16 79 82 

   85
2   22 44 
5   5 26 40 66 71 
3   10 11 60 
4   7 15 45 72 
5   2 6 17 25 50 
9   5 13 16 35 40 54 67 79 80 
7   4 13 16 29 56 58 60 
2   60 67 
3   47 73 78 
1   3 
4   3 16 37 55 
2   47 72 
8   6 7 16 60 64 65 72 75 
3   45 47 51 
4   4 40 69 70 
6   6 7 11 13 24 46 
8   5 27 35 39 45 70 74 78 
3   41 62 78 
3   26 47 73 
2   50 76 
5   24 28 36 58 81 
4   1 23 39 40 
5   22 33 34 59 62 
4   16 21 60 74 
3   5 26 76 
3   2 19 25 
7   17 36 54 59 62 69 80 
2   21 53 
4   7 32 63 65 
3   41 52 54 
2   63 71 
5   29 50 65 71 78 
2   23 41 
7   23 37 59 62 63 75 77 
3   6 17 61 
6   21 27 45 75 83 85 
6   11 34 61 70 75 85 
4   44 47 72 75 
5   17 22 48 78 82 
5   2 6 15 22 58 
5   18 30 33 53 62 
2   51 66 
2   69 81 
6   1 38 47 68 69 77 
4   4 14 17 36 
3   16 58 79 
6   9 12 14 19 38 44 
3   39 65 81 
2   69 75 
5   5 20 32 59 75 
4   14 42 52 79 
5   30 51 70 72 75 
3   28 41 72 
4   6 27 30 84 
2   11 66 
1   7 
3   59 63 64 
6   7 21 40 46 59 62 
6   23 27 34 50 57 58 
6   3 7 8 13 24 73 
2   35 37 
6   18 23 27 34 41 58 
5   29 31 34 57 81 
2   13 57 
6   13 29 32 48 67 81 
4   2 42 55 69 
6   6 8 65 69 76 78 
2   44 85 
8   15 27 43 44 49 66 67 84 
4   15 17 37 52 
5   2 31 32 72 79 
7   4 12 13 38 52 53 71 
4   9 19 60 77 
2   17 24 
8   13 34 36 37 38 49 50 52 
3   20 25 67 
3   34 44 73 
7   9 17 18 32 39 67 79 
5   6 46 51 71 78 
2   6 27 
6   21 43 48 63 65 84 
1   39 
1   36 
3   54 69 81 
3   36 37 68 

   86
8   6 14 47 58 60 62 73 77 
6   30 31 48 57 73 75 
4   5 27 42 58 
4   9 14 40 74 
3   3 6 85 
4   1 5 65 76 
5   11 16 64 66 72 
2   69 85 
4   4 29 40 62 
4   14 21 30 82 
6   7 17 20 31 58 74 
3   34 35 85 
5   26 40 70 71 72 
6   1 4 10 21 27 41 
6   27 49 50 55 70 73 
4   7 21 43 60 
4   11 38 55 63 
3   46 50 74 
5   32 36 55 75 83 
7   11 28 49 52 63 68 86 
4   10 14 16 46 
4   27 37 38 51 
3   54 81 82 
4   33 43 70 82 
6   28 35 43 58 59 84 
2   13 85 
5   3 14 15 22 60 
4   20 25 47 53 
4   9 63 81 85 
5   2 10 40 67 84 
4   2 11 51 62 
3   19 33 82 
6   24 32 40 43 62 70 
1   12 
4   12 25 40 85 
3   19 38 68 
3   22 69 85 
3   17 22 36 
2   77 80 
6   4 9 13 30 33 35 
3   14 67 80 
3   3 48 75 
7   16 24 25 33 56 58 82 
4   54 56 77 85 
1   69 
7   18 21 56 74 75 78 82 
2   1 28 
2   2 42 
5   15 20 59 72 81 
2   15 18 
4   22 31 56 79 
3   20 61 63 
2   28 73 
4   23 44 57 83 
4   15 17 19 61 
9   43 44 46 51 58 67 69 78 84 
4   2 54 82 83 
6   1 3 11 25 43 56 
2   25 49 
4   1 16 27 80 
3   52 55 73 
5   1 9 31 33 73 
4   17 20 29 52 
3   7 68 86 
1   6 
2   7 75 
4   30 41 56 79 
6   20 36 64 78 83 86 
6   8 37 45 56 80 81 
5   13 15 24 33 82 
3   13 81 86 
3   7 13 49 
6   1 2 15 53 61 62 
5   4 11 18 46 86 
5   2 19 42 46 66 
1   6 
4   1 39 44 85 
3   46 56 68 
2   51 67 
6   39 41 60 69 84 85 
5   23 29 49 69 71 
8   10 23 24 32 43 46 57 70 
4   19 54 57 68 
4   25 30 56 80 
10   5 8 12 26 29 35 37 44 77 80 
5   20 64 68 71 74 

   87
2   45 47 
2   18 60 
4   38 41 44 86 
3   44 69 76 
7   12 24 27 40 46 62 73 
9   23 24 35 50 54 59 60 63 73 
11   26 29 30 34 49 50 56 65 71 83 84 
1   29 
2   19 75 
4   60 61 63 76 
5   38 43 55 57 85 
3   5 35 85 
4   27 43 47 64 
6   21 32 56 68 71 80 
7   17 20 22 38 61 81 82 
5   41 52 68 75 86 
3   15 19 22 
3   2 30 55 
5   9 17 22 39 85 
4   15 24 65 70 
5   14 26 61 69 81 
5   15 17 19 70 87 
6   6 37 46 50 85 86 
10   5 6 20 40 48 50 54 63 80 81 
0   
3   7 21 53 
3   5 13 64 
2   44 49 
7   7 8 59 62 66 85 86 
4   7 18 43 86 
1   64 
4   14 38 47 80 
1   49 
3   7 37 84 
5   6 12 61 62 85 
3   64 67 77 
5   23 34 48 55 60 
4   3 11 15 32 
4   19 43 49 59 
3   5 24 61 
4   3 16 52 65 
5   43 50 55 57 72 
6   11 13 30 39 42 44 
5   3 4 28 43 65 
5   1 74 75 76 78 
4   5 23 67 75 
5   1 13 32 48 54 
5   24 37 47 53 57 
4   7 28 33 39 
8   6 7 23 24 42 52 81 82 
3   55 59 68 
4   16 41 50 61 
2   26 48 
6   6 24 47 72 81 87 
5   11 18 37 42 51 
4   7 14 61 71 
3   11 42 48 
2   79 82 
5   6 29 39 51 70 
7   2 6 10 37 61 80 81 
10   10 15 21 35 40 52 56 60 62 83 
4   5 29 35 61 
4   6 10 24 70 
5   13 27 31 36 82 
4   7 20 41 44 
2   29 83 
3   36 46 83 
3   14 16 51 
3   4 21 85 
6   20 22 59 63 71 82 
4   7 14 56 70 
2   42 54 
2   5 6 
2   45 79 
5   9 16 45 46 85 
4   4 10 45 83 
1   36 
2   45 81 
3   58 74 83 
4   14 24 32 60 
7   15 21 24 50 54 60 78 
5   15 50 58 64 70 
6   7 61 66 67 76 79 
2   7 34 
8   11 12 19 23 29 35 69 75 
5   3 16 23 29 30 
2   22 54 

   88
3   2 54 55 
4   1 35 74 75 
6   31 62 63 66 71 80 
3   41 57 60 
3   50 67 69 
3   33 68 73 
2   13 39 
0   
3   30 50 71 
3   15 32 49 
2   39 58 
4   21 35 53 75 
4   7 16 25 69 
7   25 26 27 38 39 43 82 
3   10 48 64 
5   13 24 33 47 75 
4   36 57 68 87 
6   19 24 40 67 72 83 
4   18 34 42 77 
3   21 36 77 
4   12 20 54 86 
3   36 57 87 
3   33 41 67 
7   16 18 30 57 78 82 83 
8   13 14 40 42 46 60 74 76 
3   14 30 63 
2   14 69 
4   30 36 49 88 
3   32 38 76 
9   9 24 26 28 38 42 50 81 83 
4   3 43 61 65 
7   10 29 42 44 50 76 77 
5   6 16 23 55 83 
2   19 81 
7   2 12 36 47 48 58 81 
9   17 20 22 28 35 46 60 71 86 
1   64 
5   14 29 30 61 87 
6   7 11 14 55 63 82 
6   18 25 41 47 60 72 
5   4 23 40 74 75 
6   19 25 30 32 48 68 
4   14 31 54 83 
4   32 68 78 87 
2   54 75 
4   25 36 75 82 
3   16 35 40 
5   15 35 42 73 87 
4   10 28 53 73 
5   5 9 30 32 61 
1   54 
2   73 75 
5   12 49 71 72 84 
5   1 21 43 45 51 
5   1 33 39 62 63 
3   65 68 84 
4   4 17 22 24 
5   11 35 65 67 82 
2   60 88 
6   4 25 36 40 59 68 
5   31 38 50 70 88 
4   3 55 75 76 
5   3 26 39 55 68 
4   15 37 76 88 
3   31 56 58 
3   3 75 86 
5   5 18 23 58 88 
7   6 17 42 44 56 60 63 
3   5 13 27 
1   61 
5   3 9 36 53 85 
3   18 40 53 
6   6 48 49 52 75 80 
3   2 25 41 
10   2 12 16 41 45 46 52 62 66 73 
6   25 29 32 62 64 77 
4   19 20 32 76 
4   24 44 79 81 
1   78 
5   3 73 81 85 87 
5   30 34 35 78 80 
5   14 24 39 46 58 
6   18 24 30 33 43 86 
2   53 56 
2   71 80 
4   21 36 66 83 
6   17 22 38 44 48 80 
5   28 59 61 64 67 

   89
5   3 41 69 75 78 
3   50 59 60 
3   1 25 38 
6   19 27 31 38 49 77 
4   18 37 57 76 
3   41 44 88 
2   52 77 
5   24 34 43 68 82 
4   17 36 41 60 
5   15 40 55 59 63 
7   17 22 23 32 33 53 78 
6   24 35 47 70 71 82 
1   88 
2   21 85 
8   10 20 25 54 57 59 64 66 
2   37 78 
8   9 11 40 42 49 50 73 74 
3   5 22 25 
3   4 23 35 
5   15 25 47 63 85 
3   14 29 60 
3   11 18 80 
5   11 19 25 37 55 
5   8 12 25 28 88 
7   3 15 18 20 23 24 84 
5   27 56 59 66 76 
4   4 26 50 51 
5   24 35 61 79 85 
4   21 69 79 83 
0   
4   4 33 41 69 
2   11 81 
3   11 31 65 
7   8 47 61 76 79 82 85 
3   12 19 28 
7   9 40 44 51 68 76 78 
5   5 16 23 63 87 
7   3 4 42 47 60 79 80 
4   44 72 86 87 
6   10 17 36 49 57 83 
6   1 6 9 31 49 64 
5   17 38 46 47 54 
2   8 54 
3   6 36 39 
4   54 55 71 82 
4   42 57 67 72 
5   12 20 34 38 42 
2   60 78 
4   4 17 40 41 
4   2 17 27 52 
5   27 36 68 73 86 
3   7 50 80 
2   11 65 
4   15 42 43 45 
4   10 23 45 56 
3   26 55 75 
9   5 15 40 46 60 70 77 80 86 
1   69 
6   2 10 15 26 78 81 
11   2 9 21 38 48 57 67 68 74 75 84 
4   28 34 68 70 
0   
4   10 20 37 65 
3   15 41 65 
7   33 53 63 64 68 74 87 
5   15 26 74 76 83 
3   46 60 72 
8   8 36 51 60 61 65 69 78 
6   1 29 31 58 68 71 
6   12 57 61 77 78 89 
3   12 45 69 
6   39 46 67 77 84 86 
3   17 51 77 
5   17 60 65 66 85 
4   1 56 60 82 
5   5 26 34 36 66 
6   4 7 57 70 72 73 
8   1 11 16 36 48 59 68 70 
4   28 29 34 38 
4   22 38 52 57 
2   32 59 
5   8 12 34 45 75 
4   29 40 66 84 
5   25 60 72 83 85 
6   14 20 28 34 74 84 
5   39 51 57 72 88 
3   37 39 65 
4   6 13 24 86 
1   70 

   90
3   9 23 88 
2   4 25 
5   27 38 52 61 86 
3   2 21 78 
4   43 47 62 77 
5   24 42 46 47 55 
5   8 27 31 48 57 
4   7 50 76 89 
7   1 38 56 57 62 74 82 
4   37 39 47 50 
4   16 71 80 83 
4   27 61 69 84 
5   20 32 52 73 84 
3   39 83 86 
3   43 66 83 
4   11 22 56 72 
5   25 32 52 75 88 
4   47 49 62 72 
3   59 64 73 
3   13 35 74 
7   4 31 32 74 75 76 81 
3   16 61 65 
8   1 61 64 74 78 79 81 86 
1   6 
5   2 17 45 76 82 
2   54 81 
5   3 7 12 85 88 
3   34 59 78 
6   50 51 59 62 83 90 
2   34 44 
5   7 21 35 44 84 
4   13 17 21 62 
4   43 46 73 89 
4   28 30 57 69 
5   20 31 36 51 83 
2   35 56 
2   10 43 
6   3 9 42 64 65 69 
3   10 14 70 
4   48 50 70 79 
3   45 50 68 
4   6 38 47 81 
5   5 15 33 37 54 
5   30 31 59 71 72 
5   25 41 71 81 87 
4   6 33 84 86 
9   5 6 10 18 42 48 65 69 83 
7   7 40 47 57 64 76 79 
2   18 87 
10   8 10 29 40 41 61 66 80 83 85 
3   29 35 59 
7   3 13 17 75 76 85 88 
1   80 
4   26 43 56 74 
3   6 63 64 
5   9 16 36 54 74 
5   7 9 34 48 64 
4   65 73 77 85 
7   19 28 29 44 51 61 90 
0   
8   3 12 22 23 50 59 68 69 
6   5 9 18 29 32 65 
3   55 83 84 
7   19 23 38 48 55 57 71 
6   22 38 47 58 62 89 
5   15 50 68 75 85 
1   72 
3   41 61 66 
6   12 34 38 47 61 73 
3   39 40 76 
4   11 44 45 64 
4   16 18 44 67 
6   13 19 33 58 69 78 
8   9 20 21 23 54 56 77 80 
5   17 21 52 66 76 
7   8 21 25 48 52 70 75 
3   5 58 74 
4   4 23 28 73 
4   23 40 48 84 
4   11 50 53 74 
5   21 23 26 42 45 
3   9 25 85 
9   11 14 15 29 35 47 50 63 87 
6   12 13 31 46 63 79 
6   27 50 52 58 66 82 
4   3 14 23 46 
3   45 49 83 
5   1 17 27 52 89 
4   8 33 65 88 
2   29 59 

   91
6   15 19 22 25 60 81 
4   25 41 46 48 
3   13 30 51 
1   48 
3   15 51 65 
2   7 34 
4   6 50 65 85 
3   14 48 75 
5   21 26 46 61 91 
5   59 62 65 78 91 
5   26 46 57 66 81 
4   26 43 73 84 
6   3 31 33 46 74 84 
1   8 
6   1 5 38 40 67 86 
1   61 
2   19 65 
5   29 37 62 72 75 
10   1 17 35 38 40 42 55 56 85 87 
5   35 48 59 68 83 
8   9 27 48 54 63 67 75 89 
4   1 31 47 79 
4   48 56 57 62 
2   49 70 
3   1 2 56 
4   9 11 12 65 
1   21 
3   50 54 83 
2   18 42 
6   3 36 57 65 81 91 
3   13 22 76 
1   79 
1   13 
5   6 46 48 80 81 
5   19 20 41 60 73 
5   30 38 60 61 85 
4   18 54 57 62 
5   15 19 36 80 85 
4   54 60 62 71 
6   15 19 55 58 83 91 
3   2 35 42 
6   19 29 41 54 58 71 
5   12 44 79 80 87 
2   43 90 
5   50 63 68 76 77 
6   2 9 11 13 34 56 
3   22 56 62 
8   2 4 8 20 21 23 34 77 
5   24 60 61 75 79 
4   7 28 45 70 
7   3 5 57 63 71 76 88 
2   56 68 
0   
8   21 28 37 39 42 57 60 73 
5   19 40 77 88 90 
9   19 23 25 46 47 52 64 74 85 
6   11 23 30 37 51 54 
3   40 42 70 
3   10 20 67 
7   1 35 36 39 49 54 89 
4   9 16 36 49 
9   10 18 23 37 39 47 64 82 91 
7   21 45 51 65 73 74 77 
4   56 62 72 74 
9   5 7 10 17 26 30 63 82 87 
5   11 68 73 89 90 
4   15 21 59 75 
4   20 45 52 66 
0   
4   24 50 58 81 
4   39 42 51 89 
4   18 64 82 91 
7   12 35 54 63 66 80 82 
4   13 56 63 64 
5   8 18 21 49 67 
5   31 45 51 79 85 
4   45 48 55 63 
3   10 84 85 
6   22 32 43 49 76 88 
6   34 38 43 73 86 88 
6   1 11 30 34 70 89 
4   62 65 72 73 
3   20 28 40 
3   12 13 78 
8   7 19 36 38 56 76 78 89 
2   15 80 
3   19 43 65 
4   51 55 79 80 
6   21 60 66 71 81 85 
3   44 55 66 
6   9 10 30 40 62 72 

   92
4   11 21 44 90 
7   5 11 25 30 35 55 65 
2   5 86 
7   27 43 59 61 82 84 91 
3   2 3 20 
3   21 57 75 
8   19 26 46 47 53 69 71 84 
3   13 76 86 
6   14 44 72 78 87 90 
9   19 23 33 38 40 54 68 84 89 
6   1 2 20 28 41 91 
6   16 25 52 53 68 70 
2   8 76 
4   9 30 69 73 
2   40 62 
3   12 58 73 
1   49 
5   41 43 49 69 75 
6   7 10 20 65 67 82 
9   5 11 19 40 70 73 80 81 89 
4   1 6 35 57 
4   52 68 86 88 
3   10 32 77 
2   69 86 
5   2 12 74 78 92 
2   7 36 
5   4 32 35 59 72 
6   11 30 65 81 82 88 
3   33 38 88 
10   2 14 28 35 38 43 73 76 78 84 
5   51 57 69 80 87 
4   23 27 58 82 
4   10 29 51 62 
2   41 86 
4   2 21 27 30 
4   26 62 72 84 
3   58 72 73 
6   10 29 30 43 52 78 
1   50 
7   10 15 20 50 64 65 80 
4   11 18 34 76 
4   47 58 63 78 
6   4 18 30 38 55 61 
5   1 9 52 86 88 
1   88 
2   7 62 
3   7 42 77 
3   56 58 75 
4   17 18 75 77 
4   39 40 75 83 
5   31 33 65 68 76 
8   12 22 38 44 59 65 76 80 
4   7 12 55 74 
3   10 62 77 
7   2 43 53 67 70 84 86 
2   48 70 
6   6 21 31 79 82 86 
5   16 32 37 42 48 
4   4 27 52 69 
1   73 
4   4 43 67 78 
7   15 33 36 46 54 71 91 
2   42 75 
5   40 66 71 89 90 
6   2 19 28 40 51 52 
1   64 
5   19 55 61 73 79 
4   10 12 22 51 
7   7 14 18 24 31 59 77 
4   12 20 55 56 
4   7 62 64 81 
4   9 27 36 37 
9   14 16 20 30 37 60 67 76 80 
2   25 53 
6   6 18 48 49 50 63 
7   8 13 30 41 51 52 73 
7   23 47 49 54 69 87 91 
7   9 25 30 38 42 61 91 
2   57 67 
5   20 31 40 52 73 
4   20 28 71 86 
6   4 19 28 32 57 87 
2   50 91 
6   4 7 10 30 36 55 
0   
9   3 8 22 24 34 44 55 57 81 
4   9 31 77 82 
5   22 28 29 44 45 
3   10 20 64 
3   1 9 64 
6   4 11 62 77 78 83 
1   25 

   93
5   8 13 35 66 74 
8   9 14 44 46 58 60 71 89 
8   23 48 61 63 76 85 86 91 
7   9 17 21 23 38 42 54 
5   21 29 70 87 93 
2   46 67 
5   9 23 44 52 92 
8   1 23 28 29 31 80 82 83 
7   2 4 7 42 48 77 80 
2   72 77 
4   32 43 57 67 
3   47 62 83 
2   1 58 
3   2 31 90 
2   17 40 
2   58 60 
4   4 15 50 78 
3   25 45 64 
2   48 50 
5   39 54 74 78 92 
7   4 5 24 26 47 60 92 
4   41 56 60 90 
7   3 4 7 8 38 65 91 
4   21 26 50 57 
9   18 38 43 48 55 58 61 82 85 
5   21 24 50 61 70 
4   36 51 54 76 
3   8 68 86 
4   5 8 68 76 
3   36 79 85 
4   8 14 48 87 
4   11 38 70 85 
1   65 
3   57 60 80 
3   1 46 89 
7   27 30 40 48 61 71 84 
5   42 50 61 63 85 
7   4 23 25 32 56 60 90 
4   20 72 76 80 
5   15 36 55 66 71 
2   22 92 
8   4 9 37 45 59 65 79 89 
3   11 25 65 
7   2 7 48 56 70 92 93 
5   18 42 87 88 91 
6   2 6 35 63 79 90 
3   12 21 56 
8   3 9 19 25 31 36 44 62 
0   
7   17 19 24 26 37 56 82 
3   27 75 83 
2   7 62 
0   
4   4 20 27 87 
2   25 40 
5   22 38 44 47 50 
5   11 24 34 77 78 
5   2 13 16 25 92 
4   42 64 73 89 
10   2 16 21 22 34 38 68 71 75 78 
7   3 25 26 36 37 73 80 
4   12 48 52 80 
4   3 37 46 77 
2   18 59 
5   23 33 42 43 68 
4   1 40 77 90 
4   6 11 74 85 
4   28 29 60 65 
0   
7   5 26 32 44 90 91 93 
5   2 36 40 60 92 
2   10 39 
3   59 61 77 
4   1 20 67 86 
2   51 60 
5   3 27 29 39 78 
6   9 10 57 63 66 73 
7   17 20 57 60 76 82 93 
4   30 42 46 92 
7   8 9 34 39 61 62 90 
0   
5   8 25 50 78 92 
3   8 12 51 
1   36 
7   3 25 30 32 37 67 90 
4   3 28 74 87 
8   5 31 45 54 86 88 89 92 
2   45 87 
5   2 35 42 59 87 
9   14 22 38 46 66 70 80 85 92 
4   3 23 45 70 
11   7 20 21 41 44 58 71 79 82 87 90 
4   5 44 70 78 

   94
5   28 29 36 83 85 
3   13 23 56 
2   53 62 
7   17 18 21 25 46 54 81 
5   19 40 57 59 73 
3   19 46 49 
4   10 15 70 81 
3   12 14 85 
2   52 55 
8   7 12 14 17 32 51 66 87 
6   21 51 71 81 84 85 
3   8 10 22 
1   2 
6   8 10 27 60 62 73 
2   7 89 
6   19 30 43 62 65 72 
8   4 10 28 48 52 59 64 67 
6   4 29 44 71 85 89 
5   5 6 16 42 44 
4   21 35 80 88 
8   4 11 20 22 35 41 62 75 
8   12 21 39 54 76 84 92 94 
2   2 28 
3   32 53 93 
3   4 31 52 
2   45 46 
2   14 76 
5   1 17 23 53 91 
3   1 18 73 
4   16 31 37 58 
4   25 30 52 75 
5   10 24 47 84 92 
4   58 61 70 79 
3   45 46 67 
7   20 21 51 75 76 82 88 
3   1 83 89 
3   30 75 78 
2   54 76 
4   22 48 52 55 
3   5 50 70 
3   21 82 90 
8   19 57 63 71 88 90 92 93 
3   16 55 61 
5   18 19 62 64 70 
4   26 34 83 84 
7   4 6 26 34 47 55 65 
6   32 46 55 62 69 79 
2   17 39 
5   6 54 88 90 94 
2   40 89 
6   10 11 35 52 68 88 
9   9 17 25 31 39 51 66 80 86 
4   3 24 28 85 
5   4 22 38 49 68 
9   9 39 43 46 47 57 60 80 83 
4   2 69 79 86 
3   5 42 55 
3   30 33 65 
3   5 17 75 
2   14 55 
3   33 43 85 
10   3 14 16 21 44 47 64 65 73 83 
2   42 91 
3   17 44 62 
6   16 46 58 62 71 90 
4   10 52 67 89 
6   17 34 66 76 79 93 
5   51 54 80 84 94 
5   47 56 76 82 89 
4   7 33 40 44 
4   11 18 42 65 
2   16 76 
5   5 14 29 62 83 
2   80 87 
6   21 31 35 37 59 94 
7   22 27 35 38 67 69 72 
0   
1   37 
6   33 47 56 67 82 93 
6   20 52 55 68 74 92 
3   4 7 11 
5   35 41 69 79 92 
10   1 36 45 55 62 73 85 86 88 93 
5   11 22 32 45 68 
7   1 8 11 18 53 61 83 
5   52 56 83 88 94 
2   10 74 
7   20 35 42 49 51 83 86 
7   15 18 36 50 66 69 94 
4   41 42 49 65 
2   28 63 
5   22 32 42 80 82 
5   24 42 67 79 83 
6   22 49 68 75 86 89 

   95
5   6 15 21 32 38 
4   51 61 63 78 
3   57 88 89 
7   9 15 29 47 52 56 68 
2   39 71 
8   1 26 30 61 64 71 73 76 
7   42 56 59 63 71 77 95 
4   58 64 65 75 
4   4 51 52 82 
4   12 44 49 58 
1   55 
6   10 26 51 60 74 91 
7   22 58 64 68 88 94 95 
5   23 31 33 71 89 
9   1 4 36 46 55 57 66 81 94 
3   17 25 46 
6   16 21 30 36 60 65 
5   48 57 71 74 95 
4   25 61 66 78 
4   45 52 61 71 
6   1 17 34 54 57 60 
6   13 37 48 51 60 71 
5   14 40 52 63 71 
2   66 74 
5   16 19 41 42 66 
3   6 12 81 
1   88 
7   33 71 73 83 87 88 91 
3   4 38 83 
6   6 17 44 70 83 95 
1   14 
5   1 33 47 56 88 
7   14 28 32 38 40 41 67 
6   21 40 43 55 74 91 
3   67 76 92 
5   15 17 47 58 76 
2   22 68 
5   1 29 33 47 89 
3   5 52 71 
4   23 33 34 46 
4   25 33 78 93 
4   7 25 53 71 
6   34 65 66 76 79 82 
5   10 30 52 53 61 
3   20 63 87 
4   15 16 40 71 
6   4 32 36 38 50 83 
4   18 22 59 86 
2   10 77 
3   47 60 64 
7   2 9 12 22 63 77 88 
11   4 9 20 23 39 44 57 63 70 80 82 
3   42 44 83 
3   21 58 77 
5   11 15 34 63 87 
3   4 7 32 
7   3 15 18 21 52 72 78 
5   8 10 13 36 54 
3   7 48 62 
7   12 17 21 22 50 77 92 
5   2 6 19 20 44 
1   59 
9   2 7 23 45 51 52 55 72 91 
5   6 8 13 50 89 
4   8 17 43 81 
5   15 19 24 25 43 
4   33 35 69 70 
4   4 13 37 95 
4   67 70 81 86 
5   30 52 67 69 91 
12   5 6 7 14 18 20 22 23 28 39 42 46 
2   57 63 
4   6 28 83 90 
6   12 18 24 34 75 81 
2   8 74 
7   6 35 36 43 84 92 94 
5   7 49 51 54 60 
6   2 19 41 57 85 86 
1   43 
2   52 89 
6   15 26 65 69 74 88 
6   9 43 52 88 92 95 
6   28 29 30 47 53 73 
1   76 
2   78 87 
4   48 69 78 94 
5   28 45 55 85 91 
8   3 13 27 28 32 51 81 82 
6   3 14 38 64 80 94 
3   73 92 95 
6   12 28 34 63 70 87 
5   35 60 76 82 90 
1   41 
5   13 15 76 86 89 
7   7 13 18 30 68 82 90 

   96
4   20 21 41 49 
5   18 27 64 75 89 
3   10 30 71 
8   6 19 43 45 46 49 51 67 
6   18 19 65 71 82 85 
4   4 8 28 72 
5   19 39 40 78 82 
4   6 28 70 76 
6   23 30 52 66 69 81 
2   3 54 
7   16 30 36 61 76 78 79 
4   16 30 83 84 
1   35 
2   32 38 
2   66 68 
9   11 12 19 23 52 55 80 90 95 
6   56 63 65 66 75 96 
8   2 5 29 33 36 39 64 83 
10   4 5 7 16 42 46 51 67 69 76 
5   1 57 67 77 78 
5   1 23 48 49 82 
2   37 76 
5   9 16 21 25 36 
4   41 56 68 89 
4   23 33 71 85 
2   41 84 
6   2 35 37 41 93 94 
5   6 8 42 51 58 
3   18 64 92 
4   3 9 11 12 
3   47 54 67 
6   14 41 55 73 75 83 
7   18 25 37 42 46 58 62 
3   46 73 95 
2   13 27 
7   11 18 23 50 59 95 96 
8   22 27 33 40 61 62 71 74 
2   14 58 
6   7 18 52 58 61 66 
8   7 37 43 49 55 65 78 88 
9   1 24 26 27 32 47 59 67 90 
5   19 28 33 65 66 
4   4 40 56 57 
3   67 77 86 
3   4 61 90 
5   4 19 33 34 78 
3   31 41 49 
1   21 
9   1 4 21 40 47 51 57 58 88 
3   36 57 60 
5   4 19 28 49 61 
4   9 16 39 66 
4   58 93 94 96 
3   10 31 84 
4   16 32 40 73 
5   17 24 43 59 67 
5   20 43 49 50 86 
7   28 33 38 39 49 53 76 
5   36 41 56 76 90 
3   50 76 92 
5   11 37 39 45 51 
4   33 37 76 90 
4   17 68 85 88 
3   2 18 29 
5   5 17 40 42 91 
8   9 15 17 39 42 52 73 91 
7   4 19 20 31 41 44 56 
7   15 24 63 76 78 86 90 
2   9 19 
3   8 72 76 
6   3 5 25 37 85 96 
2   6 70 
6   32 34 55 66 78 94 
3   37 80 95 
4   2 17 32 86 
10   8 11 19 22 58 59 60 62 68 70 
4   20 44 91 95 
9   7 11 20 40 46 68 73 87 96 
3   11 89 90 
4   16 74 87 92 
2   9 93 
4   5 7 21 83 
5   12 18 32 82 88 
3   12 26 54 
4   5 25 63 71 
4   44 57 68 75 
2   78 80 
6   40 49 63 83 93 96 
3   2 24 79 
7   16 41 45 59 62 68 79 
3   65 66 77 
3   29 60 80 
4   27 53 81 88 
3   27 53 73 
5   16 34 36 74 77 
6   17 36 53 71 78 88 

   97
6   7 18 38 69 72 85 
3   26 32 84 
9   5 7 26 40 41 78 83 93 97 
4   9 17 35 56 
6   3 7 28 37 81 97 
3   70 90 96 
5   1 3 5 43 57 
3   47 62 77 
4   4 19 31 58 
2   15 30 
7   22 32 39 61 65 70 87 
5   33 51 56 68 95 
3   17 70 89 
7   55 67 68 70 73 94 96 
4   10 33 41 71 
6   31 46 61 80 83 87 
4   4 13 24 87 
4   1 47 61 94 
4   9 39 60 63 
2   45 79 
2   26 76 
2   11 37 
7   25 27 45 57 74 75 96 
2   17 40 
4   23 44 84 97 
4   2 3 21 89 
6   23 43 44 46 61 81 
5   5 34 53 62 92 
2   76 94 
3   10 82 94 
6   9 16 36 66 87 90 
6   2 11 35 36 82 90 
6   12 15 53 69 80 81 
5   28 44 59 81 97 
7   4 32 50 53 81 89 96 
9   31 32 43 58 67 72 78 87 93 
4   5 22 56 65 
3   1 86 88 
4   11 19 59 81 
6   3 24 46 68 72 85 
5   3 15 44 77 78 
3   52 61 82 
7   7 27 36 55 72 76 82 
6   25 27 34 41 49 82 
6   20 23 47 88 89 92 
4   16 27 40 53 
7   8 18 45 49 63 66 81 
4   56 80 90 95 
5   44 47 52 71 82 
1   35 
8   12 58 72 77 81 82 85 92 
3   42 49 71 
5   28 33 35 46 57 
1   58 
4   14 43 59 75 
9   4 12 37 48 59 61 68 74 97 
3   7 23 53 
6   9 36 51 54 60 96 
5   34 39 55 56 62 
5   19 58 64 66 95 
8   11 16 18 27 42 56 80 81 
4   8 28 59 78 
2   19 47 
3   60 74 85 
4   11 37 69 88 
5   31 47 60 83 96 
5   14 36 77 84 91 
5   12 14 40 56 81 
5   1 33 65 77 97 
7   6 11 13 14 73 79 90 
3   15 49 52 
7   1 36 40 43 51 83 96 
3   14 70 86 
4   23 56 64 85 
3   23 55 95 
4   21 29 43 80 
5   8 41 51 67 69 
5   3 36 41 62 86 
4   20 70 86 95 
6   16 33 48 61 76 83 
10   5 27 33 34 35 39 47 51 61 68 
7   30 32 42 43 44 49 51 
6   3 16 66 72 80 95 
3   2 25 67 
5   1 40 51 64 74 
6   38 73 78 79 92 95 
6   11 16 17 31 36 97 
3   38 45 65 
4   13 26 35 45 
5   6 31 32 48 70 
1   67 
4   28 45 51 86 
3   3 36 94 
5   14 18 29 30 93 
7   12 48 60 75 79 83 86 
7   6 14 23 35 58 66 72 
7   3 5 25 34 56 69 87 

   98
4   2 29 34 39 
2   1 47 
7   15 16 21 48 51 73 98 
4   48 58 62 63 
1   66 
2   44 76 
3   22 59 76 
5   16 32 40 55 87 
3   34 46 84 
6   29 37 61 75 79 80 
0   
5   23 38 52 60 81 
3   18 24 51 
4   58 59 92 97 
10   3 24 27 45 47 74 75 76 83 88 
6   3 8 35 39 47 82 
4   26 29 47 95 
3   13 35 82 
6   23 29 40 45 75 76 
4   52 59 69 90 
7   3 23 29 39 46 54 60 
6   7 23 25 51 54 68 
9   12 19 21 22 31 33 37 40 71 
5   13 15 27 42 68 
3   22 43 53 
3   17 49 51 
5   15 24 48 54 70 
4   42 69 89 91 
8   1 10 17 19 21 48 56 61 
1   40 
3   23 89 90 
6   8 40 57 92 93 96 
7   23 50 54 63 77 88 97 
7   1 9 35 50 60 83 97 
6   16 18 34 62 88 92 
6   38 50 56 81 85 88 
9   10 23 38 39 52 56 73 74 86 
6   12 36 37 63 82 83 
6   1 16 21 37 46 50 
9   8 19 23 30 32 48 60 68 94 
4   50 57 58 94 
6   24 28 70 76 92 94 
7   25 52 53 67 78 87 93 
1   6 
4   15 19 47 91 
6   9 21 39 48 87 93 
7   2 15 16 17 45 68 94 
6   3 4 27 29 40 46 
2   26 54 
6   33 34 36 39 41 65 
4   3 13 22 26 
5   12 20 37 43 98 
3   25 43 95 
8   21 22 27 33 49 57 88 90 
5   8 58 62 63 87 
3   29 36 37 
6   32 41 54 64 78 79 
6   4 14 41 55 73 84 
7   7 14 20 63 72 84 88 
4   12 21 34 40 
4   10 29 69 75 
5   4 35 55 80 89 
9   4 33 38 55 59 80 83 86 94 
2   57 78 
2   50 70 
2   5 95 
2   43 74 
5   22 24 40 47 88 
7   20 28 61 80 83 87 96 
5   27 42 65 83 98 
2   23 75 
1   59 
4   3 37 58 91 
4   15 37 67 85 
6   10 15 19 61 71 77 
5   6 7 15 19 42 
3   33 75 98 
5   43 57 64 85 94 
2   10 57 
6   10 62 63 69 85 89 
2   12 36 
3   16 18 38 
7   15 34 38 63 69 70 94 
3   9 58 59 
5   36 74 78 80 98 
4   37 63 87 88 
6   8 43 46 55 69 86 
9   15 33 35 36 54 59 68 86 93 
4   28 31 62 80 
4   20 31 54 95 
4   28 45 73 92 
5   14 32 35 42 91 
5   32 43 46 88 95 
8   40 41 42 47 63 78 83 98 
5   17 53 66 90 93 
2   32 69 
3   14 33 34 
6   3 52 70 77 85 94 

   99
4   19 27 71 75 
6   4 15 46 58 75 79 
8   11 22 42 53 58 59 87 93 
5   2 6 18 82 88 
6   16 29 40 49 77 82 
3   4 54 77 
2   26 45 
4   26 36 63 93 
6   10 46 62 65 74 83 
4   9 16 94 98 
4   3 26 84 96 
4   36 45 53 75 
4   28 86 88 99 
7   15 35 38 53 73 83 96 
6   2 14 35 54 65 97 
4   5 10 17 85 
7   16 22 31 33 35 76 94 
5   4 57 85 89 97 
7   1 41 59 67 68 79 94 
3   24 70 97 
9   62 65 67 72 76 77 81 93 95 
8   3 17 34 44 56 60 61 99 
4   52 57 67 90 
1   20 
4   40 68 72 98 
3   7 8 11 
4   1 52 56 91 
4   13 30 45 77 
2   5 35 
4   28 39 43 51 
4   17 36 44 89 
1   43 
4   17 40 47 83 
1   22 
11   14 15 17 29 47 56 61 65 68 70 96 
7   8 12 31 38 39 90 94 
8   54 59 65 68 75 90 91 98 
6   14 36 39 58 60 93 
6   30 36 38 53 74 96 
5   5 25 33 42 73 
6   19 46 64 67 88 93 
6   3 40 50 66 68 95 
3   30 32 98 
4   22 31 61 86 
4   7 12 28 81 
5   2 9 41 48 67 
2   33 35 
6   46 51 66 70 85 94 
2   5 64 
2   42 61 
6   30 48 61 71 81 89 
4   23 27 75 86 
6   3 12 14 39 79 82 
6   6 15 37 61 62 77 
2   74 79 
6   22 27 35 65 83 90 
5   18 23 61 75 79 
3   2 3 38 
3   3 19 37 
5   22 38 64 70 87 
8   22 35 44 50 51 54 57 99 
5   9 21 54 67 82 
4   8 70 88 95 
4   41 49 60 75 
9   9 15 21 35 37 56 66 74 77 
4   42 48 65 94 
6   19 21 23 41 46 62 
7   19 25 35 37 42 82 85 
0   
5   20 35 48 60 63 
4   1 51 79 83 
5   21 25 73 77 79 
5   14 40 72 76 90 
5   9 39 55 65 89 
10   1 2 12 37 52 57 64 87 94 98 
5   17 21 73 86 98 
9   5 6 21 28 54 65 72 86 94 
3   88 92 97 
7   2 19 53 55 57 71 72 
2   82 86 
3   21 45 51 
6   4 5 53 62 68 80 
5   9 14 33 56 71 
3   11 89 99 
4   16 18 48 68 
7   13 44 52 76 77 80 99 
3   3 60 75 
7   4 13 41 63 78 90 93 
5   18 31 51 74 84 
6   23 36 37 56 73 88 
3   27 37 94 
1   78 
7   3 8 21 38 41 88 97 
9   10 17 19 36 48 66 75 77 91 
3   21 42 63 
4   11 14 35 39 
5   15 18 20 78 93 
6   10 25 37 43 75 76 
5   13 22 61 84 86 

   100
1   50 
8   5 47 61 69 76 90 94 99 
1   21 
7   7 22 30 34 36 48 60 
4   2 27 36 89 
6   7 56 74 75 81 86 
6   4 6 42 47 48 95 
1   11 
1   61 
3   21 54 92 
5   8 12 61 63 67 
7   11 37 46 47 54 87 94 
2   94 97 
6   17 37 66 68 71 88 
8   22 27 32 56 67 75 80 87 
4   20 26 88 95 
4   14 32 55 70 
5   38 50 51 58 95 
5   34 35 49 54 70 
5   16 62 77 86 99 
6   3 10 41 44 59 97 
6   4 15 50 61 77 89 
5   31 41 51 56 85 
1   28 
1   86 
7   16 32 61 64 85 91 95 
9   5 15 40 51 64 65 94 98 99 
6   24 34 50 53 64 76 
1   36 
3   4 35 83 
1   23 
6   15 17 26 48 84 96 
4   59 60 62 84 
6   4 19 28 68 79 88 
4   19 30 36 40 
4   4 5 29 35 
9   12 14 51 69 76 84 95 96 99 
4   18 58 96 100 
5   54 56 58 64 68 
10   27 35 42 44 49 58 60 62 77 95 
7   21 23 45 53 79 88 93 
2   7 40 
4   47 52 74 96 
3   21 40 93 
5   41 48 58 82 93 
2   12 61 
6   2 7 12 43 79 83 
8   4 7 32 45 57 58 70 91 
5   19 40 56 80 99 
6   1 18 22 28 83 92 
5   18 23 27 37 74 
3   43 74 75 
5   28 41 56 57 64 
9   10 12 19 39 65 66 83 87 91 
5   17 59 61 64 92 
7   6 15 23 39 49 53 87 
6   48 53 59 85 86 98 
7   18 38 39 40 45 48 63 
6   21 33 55 57 80 91 
5   4 33 40 70 90 
8   2 9 11 22 26 46 55 63 
6   20 33 40 66 89 95 
5   11 58 61 91 95 
8   26 27 28 39 53 55 81 97 
3   27 54 66 
4   14 54 62 65 
6   11 15 69 77 89 94 
6   14 34 39 73 97 98 
4   2 37 67 79 
5   17 19 48 60 97 
2   14 92 
1   96 
1   68 
5   6 43 51 52 83 
5   6 15 52 83 96 
5   2 28 37 89 92 
5   20 22 40 67 97 
0   
4   34 41 47 69 
4   15 49 59 99 
3   6 64 100 
2   45 88 
6   30 47 50 54 74 75 
3   32 33 37 
3   23 26 57 
5   6 20 25 57 94 
5   12 15 54 56 96 
6   14 16 34 41 82 90 
6   5 22 62 67 76 97 
3   2 60 88 
5   26 48 54 59 63 
5   10 50 55 71 76 
5   41 44 45 96 100 
6   2 12 13 27 67 86 
9   7 16 18 26 37 40 62 63 96 
9   32 37 38 43 72 75 87 93 95 
7   13 21 64 68 70 77 89 
3   27 57 68 
6   2 20 27 37 49 80 
3   38 81 93 

-1
