5	4978
10	2690
15	3445
20	4849
25	5789
30	6927
35	7525
40	9026
45	10333
50	11709
55	11057
60	12542
65	14949
70	15441
75	16644
80	19513
85	19010
90	20122
95	20815
100	21987
105	23471
110	24337
115	25151
120	27417
125	27833
130	29180
135	29272
140	31494
145	32379
150	32419
155	34028
160	36265
165	36536
170	38718
175	37509
180	40941
185	41397
190	38899
195	44549
200	45564
205	45615
210	46644
215	47252
220	49692
225	49852
230	49324
235	53517
240	50947
245	54614
250	54829
255	55045
260	54953
265	59363
270	57754
275	61379
280	62013
285	64581
290	67382
295	64325
300	67048
305	67814
310	69082
315	69854
320	69625
325	74031
330	71774
335	76371
340	76750
345	78813
350	127752
355	78743
360	80661
365	82114
370	81082
375	84686
380	83517
385	84818
390	86481
395	85250
400	88338
405	86542
410	92777
415	93786
420	94300
425	96169
430	94423
435	94882
440	95919
445	98125
450	102878
455	99910
460	102099
465	104233
470	103530
475	106121
480	105204
485	108439
490	111202
495	109696
500	112132
