10	5
20	4
30	5
40	6
50	7
60	9
70	10
80	12
90	13
100	14
110	16
120	17
130	19
140	19
150	22
160	24
170	24
180	25
190	27
200	30
210	30
220	31
230	33
240	33
250	36
260	36
270	39
280	39
290	41
300	42
310	45
320	45
330	47
340	48
350	48
360	50
370	50
380	53
390	55
400	57
410	58
420	61
430	61
440	61
450	64
460	64
470	67
480	67
490	69
500	72
510	70
520	73
530	74
540	77
550	78
560	81
570	81
580	83
590	84
600	87
610	88
620	88
630	89
640	91
650	91
660	95
670	95
680	96
690	98
700	99
710	100
720	103
730	105
740	105
750	107
760	107
770	112
780	111
790	116
800	116
810	117
820	123
830	119
840	120
850	123
860	127
870	128
880	128
890	130
900	131
910	131
920	135
930	139
940	137
950	138
960	141
970	140
980	145
990	146
1000	146
