5	10
6	8
7	8
8	8
9	10
10	8
11	14
12	9
13	8
14	20
15	9
16	9
17	20
18	17
19	10
20	5
21	31
22	7
23	8
24	42
25	32
26	37
27	27
28	48
29	41
30	55
31	53
32	58
33	53
34	65
35	62
36	73
37	78
38	5
39	84
40	86
41	88
42	97
43	94
44	101
45	104
46	110
47	115
48	122
49	125
50	127
51	127
52	138
53	144
54	143
55	150
56	156
57	161
58	167
59	174
60	172
61	181
62	188
63	192
64	202
65	206
66	206
67	212
68	227
69	224
70	223
71	235
72	246
73	255
74	258
75	259
76	276
77	282
78	282
79	291
80	301
81	312
82	312
83	324
84	329
85	571
86	392
87	351
88	357
89	362
90	379
91	385
92	391
93	403
94	405
95	408
96	427
97	432
98	441
99	448
100	457
101	475
102	477
103	484
104	491
