5	5
6	4
7	5
8	9
9	9
10	9
11	14
12	14
13	16
14	19
15	21
16	22
17	26
18	24
19	30
20	34
21	34
22	35
23	41
24	45
25	47
26	53
27	56
28	59
29	63
30	68
31	71
32	75
33	79
34	83
35	87
36	93
37	98
38	102
39	107
40	112
41	116
42	122
43	127
44	131
45	139
46	144
47	151
48	159
49	159
50	170
51	176
52	181
53	187
54	194
55	199
56	211
57	216
58	222
59	230
60	238
61	246
62	252
63	261
64	268
65	274
66	285
67	296
68	301
69	308
70	316
71	325
72	335
73	345
74	376
75	391
76	373
77	383
78	388
79	400
80	411
81	419
82	430
83	439
84	453
85	459
86	468
87	483
88	490
89	501
90	515
91	524
92	535
93	549
94	556
95	569
96	586
97	595
98	603
99	615
100	631
101	643
102	655
103	666
104	678
