5	49
10	119
15	161
20	231
25	286
30	343
35	369
40	461
45	520
50	592
55	563
60	635
65	764
70	786
75	855
80	937
85	968
90	1024
95	1048
100	1131
105	1198
110	1243
115	1283
120	1389
125	1424
130	1480
135	1484
140	1619
145	1654
150	1660
155	1666
160	1848
165	1852
170	1960
175	1907
180	2097
185	2115
190	1991
195	2277
200	2322
205	2286
210	2381
215	2412
220	2527
225	2548
230	2529
235	2701
240	2592
245	2727
250	2806
255	2820
260	2824
265	3031
270	2965
275	3121
280	3091
285	3308
290	3395
295	3272
300	3381
305	3451
310	3486
315	3526
320	3550
325	3775
330	3676
335	3864
340	3815
345	3993
350	3870
355	3975
360	4074
365	4139
370	4088
375	4268
380	4230
385	4311
390	4369
395	4345
400	4477
405	4414
410	4658
415	4721
420	4705
425	4825
430	4734
435	4790
440	4808
445	4950
450	5172
455	5028
460	5111
465	5248
470	5218
475	5338
480	5274
485	5413
490	5548
495	5520
500	5577
