10	9
20	7
30	9
40	10
50	12
60	14
70	17
80	17
90	19
100	22
110	24
120	26
130	27
140	30
150	31
160	35
170	36
180	39
190	40
200	46
210	43
220	48
230	48
240	52
250	52
260	56
270	65
280	60
290	62
300	66
310	67
320	69
330	70
340	75
350	73
360	78
370	79
380	83
390	83
400	88
410	90
420	93
430	94
440	98
450	98
460	100
470	102
480	103
490	105
500	107
510	110
520	112
530	114
540	116
550	118
560	121
570	122
580	123
590	129
600	132
610	131
620	135
630	138
640	142
650	143
660	146
670	150
680	154
690	150
700	159
710	163
720	157
730	164
740	167
750	172
760	173
770	176
780	183
790	183
800	185
810	186
820	190
830	191
840	198
850	191
860	197
870	203
880	199
890	204
900	206
910	204
920	209
930	211
940	217
950	217
960	225
970	222
980	227
990	228
1000	227
