10	16844
20	14120
30	18768
40	24124
50	29672
60	34732
70	38664
80	45648
90	50120
100	56776
110	61112
120	68228
130	73940
140	78100
150	84044
160	89284
170	94852
180	100992
190	106664
200	112120
210	119124
220	125544
230	128884
240	136540
250	142404
260	148456
270	153464
280	158800
290	165156
300	172236
310	176548
320	186048
330	190352
340	198848
350	202064
360	210640
370	215980
380	395572
390	236376
400	240120
410	242092
420	255288
430	262260
440	273272
450	268120
460	279048
470	285664
480	287944
490	290316
500	307740
510	304392
520	333192
530	321552
540	341116
550	325256
560	346912
570	344336
580	356320
590	350332
600	360332
610	383060
620	385928
630	403792
640	382500
650	388952
660	396052
670	401004
680	409576
690	411144
700	413148
710	427880
720	425424
730	439784
740	627096
750	461452
760	456780
770	486844
780	465012
790	478676
800	481004
810	502192
820	2854620
830	527928
840	519416
850	533108
860	666456
870	543188
880	540028
890	554744
900	557184
910	549120
920	567676
930	578368
940	579508
950	596044
960	593396
970	606052
980	603384
990	613512
1000	3369840
