5	5
10	3
15	4
20	5
25	4
30	5
35	5
40	6
45	7
50	8
55	8
60	9
65	10
70	10
75	11
80	12
85	13
90	14
95	13
100	14
105	15
110	16
115	16
120	17
125	18
130	19
135	19
140	20
145	21
150	21
155	21
160	23
165	22
170	25
175	24
180	26
185	26
190	24
195	29
200	29
205	28
210	29
215	30
220	32
225	31
230	31
235	35
240	31
245	34
250	35
255	34
260	35
265	38
270	37
275	39
280	38
285	41
290	42
295	40
300	41
305	43
310	43
315	43
320	45
325	47
330	45
335	48
340	47
345	49
350	48
355	50
360	51
365	52
370	50
375	54
380	52
385	53
390	56
395	53
400	55
405	54
410	58
415	58
420	58
425	59
430	59
435	60
440	59
445	61
450	64
455	63
460	64
465	65
470	64
475	67
480	65
485	67
490	70
495	69
500	70
