   2
1   2 
1   1 

   3
1   2 
1   1 
0   

   4
0   
0   
1   4 
1   3 

   5
0   
0   
0   
1   5 
1   4 

   6
0   
0   
0   
1   6 
0   
1   4 

   7
0   
1   3 
1   2 
0   
1   6 
1   5 
0   

   8
0   
1   4 
1   7 
1   2 
0   
0   
1   3 
0   

   9
1   7 
0   
0   
2   7 8 
0   
0   
2   1 4 
1   4 
0   

   10
0   
1   7 
1   8 
1   8 
0   
0   
1   2 
2   3 4 
0   
0   

   11
0   
0   
0   
0   
0   
2   7 10 
2   6 8 
2   7 10 
0   
2   6 8 
0   

   12
1   3 
1   9 
1   1 
0   
0   
0   
1   8 
1   7 
1   2 
0   
0   
0   

   13
2   6 8 
1   4 
1   11 
2   2 5 
1   4 
1   1 
0   
1   1 
0   
0   
1   3 
0   
0   

   14
0   
2   11 14 
0   
1   13 
0   
0   
0   
0   
0   
2   12 13 
2   2 14 
1   10 
2   4 10 
2   2 11 

   15
1   6 
1   12 
2   4 12 
2   3 6 
1   15 
2   1 4 
0   
0   
0   
0   
0   
2   2 3 
1   15 
0   
2   5 13 

   16
0   
1   14 
1   11 
1   12 
0   
0   
1   13 
1   11 
0   
2   12 14 
2   3 8 
2   4 10 
2   7 14 
3   2 10 13 
0   
0   

   17
0   
1   5 
1   13 
1   6 
1   2 
1   4 
0   
2   10 17 
0   
3   8 12 15 
0   
1   10 
1   3 
1   16 
2   10 17 
1   14 
2   8 15 

   18
1   15 
0   
0   
1   5 
1   4 
1   10 
1   11 
0   
2   16 18 
1   6 
2   7 14 
0   
2   14 16 
3   11 13 17 
1   1 
2   9 13 
1   14 
1   9 

   19
3   5 14 16 
1   9 
0   
0   
2   1 18 
2   8 19 
0   
2   6 18 
1   2 
0   
0   
0   
0   
1   1 
1   16 
2   1 15 
0   
2   5 8 
1   6 

   20
2   14 15 
2   8 12 
0   
1   14 
2   10 17 
0   
0   
1   2 
2   19 20 
2   5 17 
0   
2   2 15 
0   
2   1 4 
2   1 12 
1   19 
2   5 10 
0   
2   9 16 
1   9 

   21
1   10 
2   13 14 
1   11 
1   18 
1   9 
2   7 15 
1   6 
0   
1   5 
1   1 
3   3 13 16 
1   18 
4   2 11 18 20 
1   2 
1   6 
1   11 
0   
3   4 12 13 
0   
1   13 
0   

   22
0   
0   
0   
3   15 18 19 
1   8 
3   7 10 21 
2   6 9 
2   5 9 
3   7 8 20 
1   6 
1   14 
1   21 
0   
2   11 20 
1   4 
0   
0   
1   4 
1   4 
3   9 14 21 
3   6 12 20 
0   

   23
1   19 
1   23 
0   
3   15 20 22 
1   10 
1   23 
0   
2   12 20 
2   14 19 
2   5 17 
0   
2   8 17 
0   
2   9 16 
1   4 
2   14 21 
2   10 12 
0   
2   1 9 
3   4 8 22 
1   16 
2   4 20 
2   2 6 

   24
2   11 22 
2   6 8 
1   16 
1   8 
0   
1   2 
1   13 
3   2 4 10 
1   12 
3   8 14 23 
3   1 13 22 
2   9 15 
4   7 11 14 23 
2   10 13 
1   12 
2   3 24 
0   
0   
0   
0   
0   
2   1 11 
2   10 13 
1   16 

   25
0   
2   4 24 
2   4 17 
3   2 3 6 
0   
4   4 9 11 24 
1   20 
0   
2   6 25 
2   15 17 
1   6 
1   24 
0   
2   22 25 
1   10 
0   
3   3 10 25 
1   19 
1   18 
1   7 
0   
2   14 25 
0   
3   2 6 12 
4   9 14 17 22 

   26
2   4 16 
1   26 
2   14 15 
2   1 17 
2   12 24 
1   19 
1   10 
1   11 
1   14 
3   7 12 24 
2   8 12 
3   5 10 11 
2   17 23 
2   3 9 
2   3 21 
2   1 24 
2   4 13 
0   
1   6 
0   
1   15 
0   
1   13 
3   5 10 16 
0   
1   2 

   27
1   2 
3   1 9 27 
2   4 21 
5   3 7 9 21 27 
1   10 
1   20 
3   4 12 22 
1   11 
4   2 4 12 27 
1   5 
2   8 18 
2   7 9 
1   20 
0   
0   
0   
0   
1   11 
2   23 24 
3   6 13 24 
2   3 4 
1   7 
1   19 
2   19 20 
0   
0   
3   2 4 9 

   28
1   24 
1   14 
2   19 28 
2   11 21 
1   16 
1   13 
3   11 20 23 
1   22 
2   10 16 
1   9 
3   4 7 22 
2   22 23 
3   6 14 24 
3   2 13 19 
0   
3   5 9 26 
1   21 
0   
2   3 14 
1   7 
2   4 17 
3   8 11 12 
2   7 12 
2   1 13 
0   
1   16 
0   
1   3 

   29
2   11 25 
1   14 
1   24 
1   17 
3   23 24 28 
3   16 21 29 
1   22 
1   22 
0   
3   12 13 23 
2   1 15 
1   10 
1   10 
1   2 
3   11 21 27 
2   6 24 
3   4 18 28 
1   17 
1   29 
0   
3   6 15 24 
3   7 8 27 
2   5 10 
4   3 5 16 21 
1   1 
0   
2   15 22 
2   5 17 
2   6 19 

   30
0   
2   11 17 
1   14 
0   
0   
0   
0   
2   15 26 
2   10 15 
2   9 29 
1   2 
4   15 16 17 27 
1   25 
4   3 17 20 23 
5   8 9 12 23 28 
1   12 
4   2 12 14 24 
1   29 
0   
2   14 23 
2   26 28 
0   
3   14 15 20 
1   17 
2   13 29 
2   8 21 
2   12 30 
3   15 21 29 
4   10 18 25 28 
1   27 

   31
3   6 12 19 
4   5 12 13 28 
0   
0   
2   2 14 
3   1 12 28 
1   8 
1   7 
2   13 28 
1   19 
1   26 
4   1 2 6 15 
2   2 9 
3   5 15 28 
3   12 14 20 
2   19 26 
0   
0   
7   1 10 16 22 26 28 30 
2   15 29 
0   
1   19 
1   31 
0   
1   27 
3   11 16 19 
1   25 
5   2 6 9 14 19 
1   20 
1   19 
1   23 

   32
1   8 
1   4 
1   7 
1   2 
0   
2   24 30 
2   3 30 
3   1 14 23 
0   
3   17 18 29 
2   31 32 
2   27 28 
0   
1   8 
0   
3   20 23 32 
3   10 21 31 
4   10 28 30 32 
0   
2   16 29 
2   17 28 
1   26 
2   8 16 
2   6 31 
0   
1   22 
3   12 28 32 
4   12 18 21 27 
2   10 20 
3   6 7 18 
3   11 17 24 
4   11 16 18 27 

   33
3   21 22 33 
2   4 27 
2   16 20 
4   2 6 19 33 
0   
1   4 
1   13 
1   17 
5   11 14 17 18 25 
0   
2   9 22 
2   17 25 
2   7 25 
3   9 18 24 
1   33 
2   3 18 
4   8 9 12 30 
3   9 14 16 
2   4 33 
1   3 
1   1 
2   1 11 
0   
3   14 26 33 
3   9 12 13 
2   24 31 
1   2 
0   
0   
1   17 
1   26 
0   
5   1 4 15 19 24 

   34
1   5 
0   
4   9 14 20 33 
2   17 30 
2   1 9 
2   16 28 
1   16 
5   9 16 27 30 33 
5   3 5 8 30 33 
3   11 24 26 
2   10 20 
0   
1   31 
2   3 28 
1   17 
4   6 7 8 20 
3   4 15 23 
1   32 
0   
3   3 11 16 
0   
1   23 
2   17 22 
1   10 
0   
2   10 30 
1   8 
2   6 14 
1   32 
5   4 8 9 26 33 
1   13 
2   18 29 
4   3 8 9 30 
0   

   35
2   10 21 
1   27 
0   
1   20 
2   24 33 
4   14 18 21 25 
3   14 19 35 
1   33 
1   19 
4   1 16 23 26 
2   29 33 
3   26 33 34 
2   19 33 
2   6 7 
0   
1   10 
2   28 34 
3   6 22 32 
3   7 9 13 
3   4 25 27 
2   1 6 
2   18 24 
2   10 24 
3   5 22 23 
2   6 20 
2   10 12 
2   2 20 
2   17 29 
2   11 28 
0   
1   33 
1   18 
6   5 8 11 12 13 31 
3   12 17 35 
2   7 34 

   36
2   20 32 
2   6 10 
2   11 14 
0   
5   13 17 18 24 25 
2   2 20 
0   
1   20 
0   
4   2 12 16 28 
3   3 14 34 
1   10 
2   5 19 
4   3 11 22 31 
2   20 32 
2   10 20 
3   5 22 26 
3   5 25 36 
2   13 31 
8   1 6 8 15 16 26 31 34 
1   34 
3   14 17 36 
1   25 
1   5 
3   5 18 23 
3   17 20 33 
0   
2   10 33 
0   
0   
3   14 19 20 
2   1 15 
2   26 28 
3   11 20 21 
0   
2   18 22 

   37
3   2 7 23 
2   1 35 
3   4 13 33 
3   3 10 34 
0   
1   27 
5   1 14 15 21 26 
1   12 
1   11 
2   4 26 
2   9 25 
2   8 21 
3   3 21 34 
3   7 16 17 
3   7 35 37 
1   14 
2   14 19 
0   
3   17 36 37 
0   
4   7 12 13 24 
1   23 
2   1 22 
1   21 
3   11 26 35 
4   7 10 25 28 
2   6 28 
2   26 27 
0   
1   34 
1   34 
1   35 
2   3 36 
5   4 13 30 31 35 
5   2 15 25 32 34 
2   19 33 
2   15 19 

   38
3   2 15 37 
5   1 8 10 13 25 
1   17 
1   24 
1   38 
3   7 18 19 
2   6 26 
4   2 21 30 35 
2   18 33 
3   2 34 36 
2   16 18 
1   13 
3   2 12 35 
3   24 27 28 
2   1 16 
2   11 15 
4   3 27 30 31 
4   6 9 11 23 
2   6 22 
2   32 38 
1   8 
3   19 35 38 
1   18 
2   4 14 
2   2 35 
1   7 
3   14 17 36 
1   14 
0   
2   8 17 
2   17 37 
1   20 
1   9 
1   10 
4   8 13 22 25 
2   10 27 
2   1 31 
3   5 20 22 

   39
4   10 12 14 27 
3   13 24 25 
5   5 10 30 33 37 
3   8 23 34 
1   3 
1   36 
2   18 20 
3   4 11 38 
1   14 
5   1 3 11 26 31 
3   8 10 16 
4   1 18 29 38 
3   2 24 30 
5   1 9 22 25 34 
1   27 
3   11 27 28 
0   
4   7 12 31 36 
1   30 
1   7 
0   
3   14 27 32 
1   4 
3   2 13 27 
2   2 14 
1   10 
5   1 15 16 22 24 
2   16 33 
1   12 
3   3 13 19 
3   10 18 34 
1   22 
2   3 28 
4   4 14 31 35 
1   34 
2   6 18 
1   3 
2   8 12 
0   

   40
1   14 
4   7 14 21 33 
4   29 32 34 37 
3   9 15 35 
0   
3   11 23 30 
2   2 14 
2   29 33 
1   4 
4   16 20 24 28 
2   6 36 
0   
2   14 24 
7   1 2 7 13 23 38 39 
3   4 22 31 
3   10 34 35 
0   
1   37 
2   34 35 
1   10 
1   2 
2   15 38 
3   6 14 30 
2   10 13 
3   26 39 40 
1   25 
2   36 40 
1   10 
5   3 8 30 34 37 
4   6 23 29 35 
1   15 
2   3 37 
2   2 8 
4   3 16 19 29 
4   4 16 19 30 
2   11 27 
4   3 18 29 32 
2   14 22 
2   14 25 
2   25 27 

   41
1   19 
3   14 37 38 
3   11 25 28 
3   13 24 26 
1   8 
2   8 17 
1   40 
3   5 6 28 
1   27 
2   15 39 
3   3 16 29 
3   16 19 38 
2   4 21 
3   2 18 21 
2   10 20 
6   11 12 18 26 27 39 
2   6 27 
5   14 16 21 29 31 
3   1 12 22 
2   15 33 
7   13 14 18 24 30 34 36 
1   19 
0   
5   4 21 27 34 39 
1   3 
3   4 16 40 
4   9 16 17 24 
4   3 8 30 33 
2   11 18 
3   21 28 38 
1   18 
0   
3   20 28 37 
2   21 24 
0   
1   21 
2   2 33 
3   2 12 30 
3   10 16 24 
2   7 26 
0   

   42
3   23 25 30 
1   40 
1   27 
1   30 
1   13 
5   7 15 21 23 28 
2   6 34 
2   25 38 
0   
4   23 27 35 37 
1   24 
3   23 28 40 
4   5 19 20 25 
5   21 23 24 33 34 
2   6 31 
1   33 
2   30 34 
1   22 
3   13 30 41 
3   13 37 41 
2   6 14 
2   18 41 
6   1 6 10 12 14 26 
3   11 14 36 
4   1 8 13 29 
3   23 28 40 
3   3 10 32 
4   6 12 26 40 
2   25 35 
5   1 4 17 19 37 
1   15 
1   27 
2   14 16 
3   7 14 17 
2   10 29 
1   24 
5   10 20 30 40 41 
1   8 
0   
5   2 12 26 28 37 
4   19 20 22 37 
0   

   43
1   28 
0   
1   33 
5   5 8 20 30 35 
4   4 7 23 27 
2   25 37 
3   5 16 22 
2   4 30 
1   30 
3   16 19 43 
2   15 32 
4   25 28 32 43 
2   15 17 
2   15 31 
5   11 13 14 23 35 
5   7 10 19 20 37 
2   13 41 
0   
4   10 16 21 42 
6   4 16 22 24 25 39 
2   19 22 
5   7 20 21 24 34 
3   5 15 35 
4   20 22 28 31 
4   6 12 20 34 
0   
1   5 
4   1 12 24 41 
1   32 
4   4 8 9 43 
3   14 24 37 
3   11 12 29 
1   3 
2   22 25 
3   4 15 23 
0   
5   6 16 31 38 42 
1   37 
1   20 
0   
2   17 28 
3   19 37 43 
4   10 12 30 42 

   44
0   
4   6 17 21 24 
2   32 43 
1   30 
1   25 
1   2 
3   10 14 31 
2   23 36 
2   14 20 
5   7 21 27 36 42 
4   15 19 20 25 
2   21 41 
3   30 32 42 
3   7 9 42 
2   11 18 
1   36 
2   2 44 
3   15 35 44 
3   11 26 44 
3   9 11 25 
4   2 10 12 24 
0   
1   8 
3   2 21 41 
5   5 11 20 26 40 
3   19 25 29 
3   10 37 44 
1   29 
2   26 28 
3   4 13 32 
1   7 
4   3 13 30 40 
0   
1   44 
2   18 36 
4   8 10 16 35 
2   27 43 
0   
2   41 42 
2   25 32 
4   12 24 39 42 
5   10 13 14 39 41 
2   3 37 
5   17 18 19 27 34 

   45
2   14 18 
0   
3   4 9 15 
7   3 6 8 21 28 31 45 
2   19 33 
5   4 9 15 18 29 
3   11 21 43 
1   4 
5   3 6 17 26 33 
1   13 
1   7 
3   15 37 45 
3   10 15 41 
3   1 38 42 
6   3 6 12 13 16 39 
3   15 34 45 
2   9 26 
2   1 6 
2   5 43 
2   32 35 
2   4 7 
3   33 38 42 
5   25 29 30 32 45 
1   43 
1   23 
3   9 17 36 
1   28 
2   4 27 
2   6 23 
3   23 32 34 
3   4 32 43 
4   20 23 30 31 
4   5 9 22 45 
2   16 30 
1   20 
3   26 41 44 
1   12 
2   14 22 
1   15 
0   
2   13 36 
2   14 22 
5   7 19 24 31 44 
2   36 43 
5   4 12 16 23 33 

   46
5   12 14 15 24 44 
3   19 27 37 
3   27 30 45 
3   11 36 37 
0   
3   11 22 37 
3   12 24 30 
1   40 
5   30 32 41 42 46 
3   23 31 38 
3   4 6 23 
3   1 7 17 
4   15 26 35 43 
1   1 
3   1 13 19 
2   33 44 
6   12 26 27 37 44 46 
4   20 23 32 43 
3   2 15 44 
1   18 
1   32 
1   6 
3   10 11 18 
3   1 7 36 
1   45 
2   13 17 
6   2 3 17 34 36 37 
0   
0   
3   3 7 9 
2   10 45 
3   9 18 21 
2   16 46 
2   27 42 
1   13 
3   4 24 27 
6   2 4 6 17 27 46 
1   10 
1   40 
2   8 39 
1   9 
3   9 34 44 
2   13 18 
5   1 16 17 19 42 
3   3 25 31 
4   9 17 33 37 

   47
3   12 25 34 
2   10 15 
2   15 32 
1   19 
2   23 24 
6   12 17 18 25 29 46 
2   40 42 
0   
4   17 21 38 44 
2   2 11 
2   10 41 
6   1 6 15 16 24 37 
0   
2   19 34 
4   2 3 12 26 
4   12 22 35 46 
5   6 9 19 36 40 
3   6 21 23 
3   4 14 17 
1   36 
2   9 18 
1   16 
4   5 18 39 47 
5   5 12 27 35 39 
4   1 6 32 43 
3   15 31 42 
2   24 32 
3   29 31 36 
2   6 28 
0   
4   26 28 42 47 
4   3 25 27 35 
2   36 41 
2   1 14 
5   16 24 32 37 46 
5   17 20 28 33 39 
2   12 35 
2   9 40 
4   23 24 36 42 
3   7 17 38 
3   11 33 46 
4   7 26 31 39 
1   25 
1   9 
0   
4   6 16 35 41 
2   23 31 

   48
2   40 46 
1   12 
3   26 34 45 
4   35 36 40 45 
5   7 9 15 34 35 
3   10 16 46 
2   5 22 
1   28 
3   5 24 39 
3   6 16 18 
3   15 39 43 
2   2 40 
3   14 15 29 
3   13 21 47 
3   5 11 13 
4   6 10 30 40 
2   23 27 
3   10 26 28 
2   20 42 
6   19 24 25 29 33 46 
3   14 44 48 
1   7 
3   17 32 34 
4   9 20 41 48 
2   20 45 
2   3 18 
3   17 30 45 
3   8 18 36 
2   13 20 
3   16 27 37 
2   37 42 
2   23 36 
1   20 
4   3 5 23 44 
2   4 5 
4   4 28 32 37 
3   30 31 36 
0   
2   9 11 
4   1 4 12 16 
1   24 
2   19 31 
2   11 48 
3   21 34 45 
6   3 4 25 27 44 46 
5   1 6 20 45 47 
3   14 46 48 
4   21 24 43 47 

   49
3   4 15 25 
3   6 31 39 
1   21 
2   1 21 
0   
4   2 12 13 18 
3   21 23 32 
1   39 
1   40 
0   
4   13 18 28 30 
5   6 15 16 18 35 
3   6 11 41 
3   21 28 40 
3   1 12 40 
3   12 24 46 
3   19 20 46 
5   6 11 12 19 33 
2   17 18 
3   17 32 33 
5   3 4 7 14 34 
4   33 39 43 48 
4   7 25 47 48 
3   16 42 45 
5   1 23 28 35 46 
1   47 
2   28 33 
9   11 14 25 27 33 38 39 43 45 
0   
2   11 44 
2   2 43 
3   7 20 36 
7   18 20 22 27 28 39 42 
1   21 
2   12 25 
2   32 44 
0   
1   28 
6   2 8 22 28 33 45 
3   9 14 15 
1   13 
3   24 33 49 
4   22 28 31 46 
3   30 36 45 
4   24 28 39 44 
4   16 17 25 43 
2   23 26 
2   22 23 
1   42 

   50
2   21 46 
3   5 19 49 
3   4 5 24 
4   3 5 8 34 
5   2 3 4 18 39 
4   15 30 42 47 
2   35 49 
2   4 22 
3   19 28 31 
1   41 
2   24 44 
1   45 
3   39 43 48 
1   31 
4   6 36 39 48 
2   25 36 
2   42 43 
1   5 
3   2 9 45 
3   30 35 50 
3   1 24 32 
7   8 25 34 37 39 42 44 
1   38 
4   3 11 21 38 
4   16 22 26 28 
1   25 
1   36 
5   9 25 35 36 48 
1   37 
4   6 20 31 42 
4   9 14 30 38 
3   21 42 50 
0   
5   4 22 35 40 41 
5   7 20 28 34 49 
5   15 16 27 28 37 
4   22 29 36 42 
3   23 24 31 
4   5 13 15 22 
1   34 
3   10 34 50 
6   6 17 22 30 32 37 
3   13 17 47 
3   11 22 47 
2   12 19 
1   1 
3   6 43 44 
3   13 15 28 
3   2 7 35 
3   20 32 41 

   51
1   40 
2   26 41 
2   18 20 
3   14 24 49 
1   47 
4   7 9 10 39 
3   6 12 30 
3   19 29 41 
1   6 
3   6 40 50 
4   25 34 41 46 
4   7 32 37 40 
3   38 39 40 
5   4 19 36 38 50 
2   19 51 
4   28 41 42 45 
3   22 27 46 
3   3 27 28 
4   8 14 15 50 
1   3 
2   28 31 
3   17 26 30 
1   39 
5   4 25 35 45 47 
3   11 24 44 
2   2 22 
4   17 18 31 38 
5   16 18 21 31 41 
1   8 
3   7 22 46 
5   21 27 28 44 45 
2   12 35 
2   38 49 
2   11 51 
4   24 32 49 51 
1   14 
2   12 41 
4   13 14 27 33 
3   6 13 23 
5   1 10 12 13 42 
6   2 8 11 16 28 37 
3   16 40 46 
0   
3   25 31 51 
5   16 24 31 49 50 
4   11 17 30 42 
3   5 24 49 
0   
5   4 33 35 45 47 
4   10 14 19 45 
4   15 34 35 44 

   52
3   13 30 35 
1   34 
5   11 18 19 24 49 
2   30 36 
4   12 29 31 36 
1   50 
2   43 51 
1   18 
2   24 38 
4   27 30 44 48 
2   3 33 
4   5 15 25 30 
3   1 15 30 
0   
4   12 13 24 32 
2   19 30 
0   
3   3 8 30 
4   3 16 34 39 
3   22 42 47 
2   35 39 
4   20 41 42 45 
0   
6   3 9 15 27 44 49 
4   12 27 38 46 
4   28 29 30 52 
5   10 24 25 46 47 
5   26 37 42 47 50 
2   5 26 
8   1 4 10 12 13 16 18 26 
1   5 
2   15 49 
3   11 44 52 
4   2 19 38 43 
4   1 21 37 45 
3   4 5 39 
3   28 35 38 
6   9 25 34 37 42 43 
4   19 21 36 48 
1   51 
1   22 
5   20 22 28 38 44 
4   7 34 38 45 
4   10 24 33 42 
3   22 35 43 
2   25 27 
3   20 27 28 
2   10 39 
3   3 24 32 
3   6 28 52 
2   7 40 
3   26 33 50 

   53
3   5 9 19 
1   34 
4   6 16 28 39 
3   35 44 52 
3   1 30 38 
3   3 50 51 
6   31 34 35 45 47 53 
4   12 19 26 35 
4   1 11 15 38 
2   12 45 
4   9 15 25 41 
3   8 10 44 
3   28 37 48 
2   24 52 
5   9 11 23 39 42 
1   3 
1   31 
0   
3   1 8 44 
1   45 
2   31 48 
2   23 50 
6   15 22 27 35 46 52 
2   14 41 
2   11 49 
2   8 39 
1   23 
4   3 13 40 47 
2   33 51 
2   5 45 
3   7 17 21 
2   33 34 
3   29 32 41 
3   2 7 32 
6   4 7 8 23 46 48 
0   
2   13 39 
3   5 9 41 
6   3 15 26 37 46 51 
1   28 
7   11 24 33 38 44 45 52 
1   15 
0   
5   4 12 19 41 50 
5   7 10 20 30 41 
3   23 35 39 
3   7 28 51 
5   13 21 35 49 51 
2   25 48 
4   6 22 44 52 
6   6 29 39 47 48 53 
5   4 14 23 41 50 
2   7 51 

   54
1   51 
1   14 
3   16 39 45 
3   24 44 54 
3   18 39 49 
2   16 37 
3   12 21 47 
2   21 26 
4   32 38 44 49 
3   33 42 46 
1   48 
6   7 17 23 39 42 46 
8   15 17 25 27 38 47 52 53 
5   2 17 46 48 52 
2   13 19 
4   3 6 29 34 
3   12 13 14 
4   5 39 46 50 
3   15 31 38 
2   37 42 
4   7 8 26 31 
1   33 
3   12 29 40 
2   4 40 
2   13 29 
3   8 21 48 
3   13 33 53 
2   35 43 
4   16 23 25 46 
0   
4   19 21 37 52 
3   9 38 47 
4   10 22 27 34 
4   16 33 38 51 
1   28 
2   41 48 
5   6 20 31 45 46 
5   9 13 19 32 34 
5   3 5 12 18 48 
3   23 24 48 
1   36 
5   10 12 20 43 45 
3   28 42 48 
2   4 9 
4   3 37 42 52 
7   10 12 14 18 29 37 48 
4   7 13 32 48 
9   11 14 26 36 39 40 43 46 47 
2   5 9 
1   18 
2   1 34 
4   13 14 31 45 
2   13 27 
1   4 

   55
2   33 45 
4   31 34 43 45 
2   27 35 
0   
5   9 27 30 45 54 
3   12 37 53 
3   14 26 52 
2   29 51 
3   5 20 44 
3   33 35 50 
3   24 45 46 
5   6 36 42 49 52 
4   14 25 34 39 
8   7 13 16 29 36 39 40 51 
0   
2   14 30 
1   44 
2   27 35 
3   30 31 46 
6   9 31 38 46 47 49 
1   44 
3   28 47 54 
4   31 35 41 42 
4   11 26 29 51 
2   13 26 
5   7 24 25 27 52 
4   3 5 18 26 
3   22 43 55 
4   8 14 24 55 
7   5 16 19 38 48 49 55 
5   2 19 20 23 34 
1   46 
2   1 10 
5   2 13 31 35 49 
6   3 10 18 23 34 54 
2   12 14 
1   6 
3   20 30 49 
3   13 14 51 
3   14 52 53 
1   23 
2   12 23 
2   2 28 
4   9 17 21 45 
5   1 2 5 11 44 
4   11 19 20 32 
3   20 22 53 
1   30 
5   12 20 30 34 38 
1   10 
4   8 14 24 39 
4   7 12 26 40 
3   6 40 47 
3   5 22 35 
3   28 29 30 

   56
2   40 43 
2   16 35 
4   9 15 35 53 
5   8 17 22 26 43 
2   34 55 
3   36 46 53 
4   14 15 21 37 
4   4 22 41 45 
5   3 30 31 34 54 
2   28 46 
1   53 
1   17 
2   23 42 
3   7 28 36 
3   3 7 32 
3   2 24 33 
5   4 12 41 47 54 
3   37 41 48 
2   25 33 
3   30 31 43 
4   7 38 42 43 
3   4 8 41 
2   13 48 
2   16 34 
2   19 39 
2   4 51 
3   30 32 54 
6   10 14 34 38 39 45 
1   55 
4   9 20 27 32 
4   9 20 44 56 
4   15 27 30 43 
5   16 19 41 44 52 
5   5 9 24 28 55 
2   2 3 
3   6 14 40 
2   7 18 
4   21 28 48 55 
2   25 28 
4   1 36 44 52 
5   8 17 18 22 33 
2   13 21 
5   1 4 20 21 32 
6   31 33 40 47 49 56 
4   8 28 49 51 
3   6 10 50 
2   17 44 
3   18 23 38 
3   44 45 52 
1   46 
2   26 45 
3   33 40 49 
3   3 6 11 
3   9 17 27 
5   5 29 34 38 56 
3   31 44 55 

   57
5   19 20 22 32 41 
2   18 26 
2   37 45 
6   9 10 42 45 52 56 
3   14 27 28 
3   31 40 44 
6   10 28 30 35 39 55 
2   18 27 
3   4 20 37 
3   4 7 39 
1   29 
3   23 31 44 
2   38 41 
3   5 43 44 
2   34 41 
1   33 
5   21 29 40 51 54 
4   2 8 22 25 
3   1 29 32 
7   1 9 27 28 32 43 44 
4   17 22 24 43 
4   1 18 21 36 
2   12 38 
3   21 43 46 
1   18 
2   2 43 
7   5 8 20 29 52 53 57 
3   5 7 20 
5   11 17 19 27 41 
3   7 35 49 
3   6 12 33 
5   1 19 20 49 50 
3   16 31 54 
1   15 
2   7 30 
2   22 53 
2   3 9 
3   13 23 55 
4   7 10 41 47 
3   6 17 43 
7   1 13 15 29 39 42 50 
2   4 41 
6   14 20 21 24 26 40 
4   6 12 14 20 
3   3 4 49 
1   24 
4   39 50 52 54 
2   52 54 
3   30 32 45 
3   32 41 47 
2   17 52 
5   4 27 47 48 51 
2   27 36 
4   17 33 47 48 
2   7 38 
1   4 
1   27 

   58
6   8 20 22 28 34 55 
4   20 30 51 53 
2   8 39 
2   24 39 
2   28 42 
6   9 23 44 52 57 58 
3   19 43 46 
3   1 3 40 
5   6 20 41 50 57 
3   36 41 58 
4   18 19 31 34 
2   25 42 
1   49 
8   17 21 31 33 39 41 50 56 
0   
1   26 
4   14 22 25 29 
4   11 25 45 49 
6   7 11 24 40 47 57 
6   1 2 9 42 45 46 
4   14 35 40 51 
4   1 17 34 53 
3   6 26 46 
2   4 19 
4   12 17 18 50 
3   16 23 49 
1   49 
2   1 5 
6   17 36 39 41 46 54 
6   2 33 41 53 57 58 
5   11 14 33 37 52 
0   
5   14 30 31 48 53 
5   1 11 22 39 47 
1   21 
3   10 29 43 
1   31 
3   39 40 51 
6   3 4 14 29 34 38 
5   8 19 21 38 53 
5   9 10 14 29 30 
3   5 12 20 
2   7 36 
2   6 50 
2   18 20 
5   7 20 23 29 52 
2   19 34 
1   33 
4   13 18 26 27 
4   9 14 25 44 
4   2 21 38 58 
3   6 31 46 
6   2 22 30 33 40 57 
1   29 
1   1 
1   14 
5   6 9 19 30 53 
4   6 10 30 51 

   59
3   11 33 46 
3   8 22 27 
1   21 
2   42 51 
3   23 52 54 
4   7 17 39 54 
7   6 11 16 29 31 47 51 
5   2 20 34 51 57 
2   20 23 
5   26 50 51 54 57 
5   1 7 44 45 47 
3   19 23 31 
5   15 19 31 47 48 
1   53 
3   13 43 49 
3   7 21 45 
5   6 21 26 29 30 
2   20 49 
4   12 13 34 50 
7   8 9 18 25 27 45 54 
6   3 16 17 28 35 38 
3   2 35 43 
5   5 9 12 40 42 
2   34 35 
3   20 41 45 
5   10 17 30 33 57 
5   2 20 35 53 59 
4   21 40 47 49 
2   7 17 
3   17 26 36 
5   7 12 13 55 59 
1   40 
4   1 26 44 45 
4   8 19 24 41 
4   21 22 24 27 
1   30 
3   50 55 58 
3   21 46 52 
3   6 51 56 
4   23 28 32 55 
3   25 34 44 
2   4 23 
3   15 22 51 
3   11 33 41 
6   11 16 20 25 33 56 
2   1 38 
4   7 11 13 28 
2   13 59 
3   15 18 28 
3   10 19 37 
6   4 7 8 10 39 43 
3   5 38 56 
3   14 27 59 
5   5 6 10 20 59 
3   31 37 40 
3   39 45 52 
3   8 10 26 
1   37 
5   27 31 48 53 54 

   60
4   29 37 39 47 
2   9 55 
1   19 
3   53 56 57 
3   9 27 51 
3   23 27 54 
6   37 38 40 42 48 56 
2   27 50 
7   2 5 16 23 30 51 56 
2   14 36 
1   48 
4   19 22 36 57 
0   
4   10 28 30 48 
4   16 21 29 47 
3   9 15 45 
1   40 
2   29 52 
3   3 12 57 
2   29 44 
3   15 29 53 
2   12 43 
7   6 9 24 31 40 41 52 
2   23 46 
1   58 
4   30 32 40 57 
3   5 6 8 
5   14 31 32 40 41 
9   1 15 18 20 21 32 39 54 58 
4   9 14 26 36 
3   23 28 54 
5   26 28 29 35 39 
3   49 53 57 
2   52 54 
2   32 37 
6   10 12 30 39 57 59 
5   1 7 35 54 60 
2   7 49 
5   1 29 32 36 43 
6   7 17 23 26 28 49 
3   23 28 47 
1   7 
3   22 39 46 
1   20 
3   16 52 53 
2   24 43 
4   1 15 41 59 
4   7 11 14 51 
5   33 38 40 50 59 
2   8 49 
5   5 9 48 55 57 
5   18 23 34 45 55 
5   4 21 33 45 54 
7   6 29 31 34 37 53 60 
3   2 51 52 
4   4 7 9 57 
8   4 12 19 26 33 36 51 56 
2   25 29 
3   36 47 49 
2   37 54 

   61
3   7 32 36 
3   16 21 26 
4   4 15 27 31 
5   3 14 29 30 46 
4   19 32 52 54 
4   15 32 55 57 
6   1 28 30 32 42 47 
4   9 45 46 59 
6   8 34 39 42 47 56 
2   28 52 
3   16 31 35 
0   
1   48 
4   4 16 25 50 
2   3 6 
6   2 11 14 36 43 57 
3   26 51 54 
3   20 29 37 
3   5 41 48 
2   18 53 
3   2 55 57 
4   36 38 45 49 
1   46 
3   25 28 49 
4   14 24 42 46 
6   2 17 33 37 42 47 
3   3 29 53 
4   7 10 24 42 
7   4 18 27 46 47 52 55 
3   4 7 58 
4   3 11 51 56 
5   1 5 6 7 59 
1   26 
5   9 35 42 47 57 
4   11 34 41 47 
6   1 16 22 41 44 45 
3   18 26 53 
2   22 39 
2   9 38 
0   
4   19 35 36 57 
7   7 9 25 26 28 34 61 
1   16 
1   36 
4   8 22 36 47 
5   4 8 23 25 29 
7   7 9 26 29 34 35 45 
4   13 19 59 61 
3   22 24 51 
1   14 
4   17 31 49 53 
3   5 10 29 
4   20 27 37 51 
2   5 17 
3   6 21 29 
2   9 31 
5   6 16 21 34 41 
2   30 60 
5   8 32 48 60 61 
3   58 59 61 
4   42 48 59 60 

   62
5   12 14 27 33 56 
2   15 54 
4   8 42 45 59 
3   16 38 61 
3   8 20 34 
4   11 17 25 26 
2   30 48 
5   3 5 14 20 22 
2   25 31 
2   18 39 
6   6 13 21 40 52 57 
4   1 14 20 37 
2   11 48 
6   1 8 12 37 42 56 
4   2 17 28 35 
4   4 24 28 38 
5   6 15 25 48 62 
6   10 31 34 52 53 56 
2   38 53 
8   5 8 12 28 33 34 35 39 
3   11 46 58 
2   8 32 
2   27 52 
4   16 30 35 42 
5   6 9 17 33 60 
2   6 60 
5   1 23 33 42 57 
7   15 16 20 30 37 52 58 
2   33 45 
6   7 24 28 40 41 54 
4   9 18 45 52 
1   22 
6   1 20 25 27 29 52 
4   5 18 20 44 
5   15 20 24 55 60 
1   52 
3   12 14 28 
3   4 16 19 
3   10 20 50 
4   11 30 50 51 
3   30 59 60 
4   3 14 24 27 
3   52 55 58 
2   34 49 
4   3 29 31 46 
4   21 45 59 62 
2   50 62 
4   7 13 17 56 
1   44 
3   39 40 47 
1   40 
9   11 18 23 28 31 33 36 43 59 
2   18 19 
3   2 30 55 
3   35 43 54 
4   1 14 18 48 
3   11 27 62 
3   21 28 43 
4   3 41 46 52 
4   25 26 35 41 
1   4 
4   17 46 47 57 

   63
5   8 10 27 32 35 
3   19 38 41 
2   40 54 
3   12 29 60 
4   6 12 40 44 
5   5 18 19 26 54 
3   12 32 58 
2   1 35 
3   26 45 61 
4   1 26 41 46 
5   14 17 30 42 51 
4   4 5 7 60 
3   17 35 58 
3   11 20 44 
2   60 63 
5   21 28 29 35 45 
3   11 13 55 
6   6 29 33 44 54 56 
4   2 6 44 58 
5   14 22 34 47 51 
3   16 47 49 
4   20 23 37 50 
2   22 59 
3   25 46 59 
4   24 52 54 55 
3   6 9 10 
5   1 48 51 60 61 
2   16 52 
5   4 16 18 32 44 
4   11 40 47 62 
2   40 49 
6   1 7 29 54 60 61 
4   18 50 62 63 
3   20 41 62 
5   1 8 13 16 50 
1   55 
5   22 38 42 45 51 
4   2 37 44 50 
1   59 
5   3 5 30 31 45 
5   2 10 34 44 52 
4   11 37 44 59 
1   44 
9   5 14 18 19 29 38 41 42 43 
5   9 16 37 40 53 
2   10 24 
4   20 21 30 48 
4   27 47 61 63 
3   21 31 62 
4   22 33 35 38 
5   11 20 27 37 55 
3   25 28 41 
2   45 54 
6   3 6 18 25 32 53 
4   17 25 36 51 
1   18 
0   
3   7 13 19 
5   23 24 39 42 63 
5   4 12 15 27 32 
4   9 27 32 48 
4   30 33 34 49 
4   15 33 48 59 

   64
5   3 21 36 39 47 
5   17 28 41 44 51 
7   1 14 16 28 42 43 46 
3   24 26 49 
2   51 52 
2   8 51 
3   8 22 46 
6   6 7 35 36 49 51 
6   15 27 41 56 63 64 
3   23 36 57 
2   28 51 
1   50 
4   14 40 47 48 
9   3 13 16 21 31 33 39 43 56 
3   9 31 37 
4   3 14 46 61 
3   2 21 45 
3   19 37 50 
4   18 33 40 46 
3   23 35 53 
5   1 14 17 59 63 
1   7 
3   10 20 60 
4   4 45 63 64 
3   27 41 49 
2   4 33 
3   9 25 60 
5   2 3 11 45 62 
1   52 
1   33 
5   14 15 32 37 64 
3   31 58 63 
7   14 19 26 30 47 51 52 
3   38 48 50 
5   8 20 46 53 62 
5   1 8 10 41 48 
3   15 18 31 
2   34 51 
4   1 14 40 63 
4   13 19 39 47 
6   2 9 25 36 51 57 
3   3 54 64 
4   3 14 47 58 
2   2 48 
4   17 24 28 47 
7   3 7 16 19 35 51 63 
7   1 13 33 40 43 45 53 
5   13 34 36 44 64 
4   4 8 25 56 
3   12 18 34 
9   2 5 6 8 11 33 38 41 46 
3   5 29 33 
3   20 35 47 
1   42 
0   
4   9 14 49 59 
2   10 41 
2   32 43 
2   21 56 
2   23 27 
2   16 62 
3   28 35 61 
6   9 21 24 32 39 46 
5   9 24 31 42 48 

   65
3   31 34 57 
3   4 10 63 
4   4 13 25 63 
6   2 3 10 12 20 45 
4   13 54 58 63 
2   11 48 
2   45 51 
3   32 57 63 
6   24 25 30 38 46 50 
7   2 4 25 35 50 58 61 
3   6 34 53 
2   4 22 
6   3 5 14 21 22 55 
7   13 30 46 47 52 61 65 
3   23 43 60 
3   21 43 45 
1   51 
3   19 46 47 
5   18 22 23 55 64 
7   4 21 24 37 42 53 63 
7   13 16 20 40 47 50 60 
5   12 13 19 24 53 
4   15 19 28 43 
6   9 20 22 25 28 49 
8   3 9 10 24 26 50 52 59 
1   25 
0   
4   23 24 38 50 
4   30 43 53 60 
5   9 14 29 37 50 
2   1 44 
3   8 38 54 
3   35 39 40 
2   1 11 
6   10 33 36 41 52 58 
1   35 
4   20 30 54 59 
6   9 28 32 53 57 60 
2   33 47 
2   21 33 
1   35 
1   20 
5   15 16 23 29 53 
2   31 65 
4   4 7 16 63 
6   9 14 18 47 57 61 
5   14 18 21 39 46 
2   6 55 
1   24 
8   9 10 21 25 28 30 54 59 
2   7 17 
3   14 25 35 
6   11 20 22 29 38 43 
5   5 32 37 50 63 
3   13 19 48 
0   
5   1 8 38 46 62 
3   5 10 35 
3   25 37 50 
4   15 21 29 38 
3   10 14 46 
1   57 
7   2 3 5 8 20 45 54 
1   19 
2   14 44 

   66
2   24 29 
4   6 25 31 53 
2   14 17 
2   16 59 
6   13 26 38 41 48 49 
6   2 8 15 30 54 61 
8   24 25 26 37 42 56 59 66 
3   6 11 63 
3   18 34 62 
2   42 53 
3   8 27 45 
4   15 20 34 36 
5   5 27 35 41 58 
6   3 24 40 44 60 64 
5   6 12 42 50 63 
5   4 34 36 42 66 
7   3 28 33 39 51 59 62 
3   9 21 51 
2   33 64 
3   12 44 63 
4   18 35 56 65 
6   31 34 38 51 53 64 
3   48 49 50 
6   1 7 14 51 55 63 
4   2 7 31 55 
3   5 7 38 
3   11 13 39 
3   17 49 52 
3   1 48 58 
3   6 35 50 
3   2 22 25 
5   44 47 58 59 60 
5   17 19 47 56 64 
6   9 12 16 22 38 54 
4   13 21 30 64 
2   12 16 
2   7 38 
6   5 22 26 34 37 64 
5   17 27 50 54 63 
3   14 43 52 
3   5 13 46 
4   7 10 15 16 
4   40 52 53 63 
4   14 20 32 64 
1   11 
1   41 
2   32 33 
4   5 23 29 60 
3   5 23 28 
4   15 23 30 39 
4   17 18 22 24 
3   28 40 43 
5   2 10 22 43 58 
4   6 34 39 61 
2   24 25 
4   7 21 33 60 
1   60 
4   13 29 32 53 
6   4 7 17 32 64 65 
5   14 32 48 56 57 
2   6 54 
2   9 17 
6   8 15 20 24 39 43 
8   14 19 22 33 35 38 44 59 
2   21 59 
2   7 16 

   67
4   28 29 45 65 
4   10 17 32 39 
0   
2   16 27 
4   7 33 58 62 
5   32 33 37 43 63 
6   5 10 34 37 49 57 
8   12 14 27 36 55 56 58 64 
2   13 27 
4   2 7 47 65 
4   22 24 50 66 
4   8 36 42 45 
2   9 25 
2   8 41 
3   16 31 48 
8   4 15 25 33 50 51 56 59 
2   2 58 
1   36 
6   24 26 42 47 49 54 
0   
5   29 31 37 43 65 
4   11 23 26 46 
2   22 64 
6   11 19 38 40 46 54 
3   13 16 48 
3   19 22 36 
4   4 8 9 36 
4   1 31 32 64 
4   1 21 31 44 
3   40 51 55 
8   15 21 28 29 53 63 65 67 
6   2 6 28 34 38 51 
5   5 6 16 52 54 
4   7 32 63 67 
1   50 
10   8 12 18 26 27 42 43 48 62 64 
6   6 7 21 41 62 66 
5   24 32 43 51 67 
1   2 
5   24 30 50 59 60 
3   14 37 43 
5   12 19 36 44 59 
8   6 21 36 38 41 45 52 54 
4   29 42 47 57 
3   1 12 43 
3   22 24 62 
4   10 19 44 63 
5   15 25 36 63 64 
2   7 19 
4   11 16 35 40 
4   16 30 32 38 
3   33 43 58 
1   31 
5   19 24 33 43 55 
4   8 30 54 58 
2   8 16 
3   7 44 58 
7   5 8 17 52 55 57 59 
4   16 40 42 58 
1   40 
1   63 
5   5 36 37 46 64 
6   6 31 34 47 48 61 
7   8 23 28 36 48 62 66 
4   1 10 21 31 
3   11 37 64 
3   31 34 38 

   68
7   4 13 31 45 47 63 67 
0   
5   9 28 36 41 49 
6   1 36 44 48 50 62 
2   22 34 
7   17 32 33 50 55 61 62 
5   16 33 37 38 48 
2   48 58 
6   3 15 28 33 48 68 
2   15 57 
2   22 67 
1   57 
5   1 30 33 39 63 
3   33 60 65 
6   9 10 20 36 38 44 
4   7 40 43 55 
2   6 24 
6   33 35 50 51 53 68 
4   28 45 53 65 
3   15 36 67 
1   33 
2   5 11 
1   45 
6   17 35 47 53 59 62 
3   29 47 51 
0   
2   47 58 
5   3 9 19 52 60 
4   25 49 61 62 
3   13 36 38 
2   1 48 
6   6 42 43 57 58 67 
10   6 7 9 13 14 18 21 37 47 57 
1   5 
3   18 24 52 
9   3 4 15 20 30 42 49 65 66 
3   7 33 58 
4   7 15 30 66 
3   13 47 51 
3   16 55 66 
2   3 55 
2   32 36 
5   16 32 45 55 58 
10   4 15 47 48 49 50 59 60 61 66 
5   1 19 23 43 51 
1   50 
8   1 24 25 27 33 39 44 60 
6   4 7 8 9 31 44 
8   3 29 36 44 50 52 55 61 
7   4 6 18 44 46 49 56 
4   18 25 39 45 
4   28 35 49 62 
4   18 19 24 55 
0   
8   6 16 40 41 43 49 53 62 
1   50 
5   10 12 32 33 59 
5   8 27 32 37 43 
3   24 44 57 
4   14 28 44 47 
4   6 29 44 49 
6   4 6 24 29 52 55 
2   1 13 
0   
3   14 19 36 
4   36 38 40 44 
4   1 11 20 32 
2   9 18 

   69
5   31 44 50 57 65 
2   27 30 
3   28 38 39 
2   28 60 
2   49 63 
4   36 49 57 67 
2   52 54 
5   11 24 28 37 40 
4   17 18 40 59 
2   20 26 
5   8 20 45 54 62 
2   54 55 
5   21 25 37 38 63 
1   60 
1   22 
1   46 
5   9 24 26 46 67 
3   9 26 37 
3   29 54 65 
5   10 11 24 25 44 
3   13 45 60 
5   15 24 25 27 31 
2   38 63 
6   8 17 20 22 59 68 
3   13 20 22 
4   10 17 18 68 
4   2 22 28 38 
4   3 4 8 27 
6   19 32 37 44 46 65 
6   2 38 50 63 67 69 
3   1 22 60 
4   29 39 55 62 
1   40 
2   66 69 
2   39 47 
3   6 66 67 
8   8 13 18 29 48 50 55 63 
9   3 13 23 27 30 39 43 47 63 
6   3 32 35 38 47 52 
6   8 9 33 51 62 64 
5   51 55 61 67 69 
1   47 
4   38 46 52 57 
4   1 20 29 62 
7   11 21 47 57 58 61 69 
6   16 17 29 43 50 56 
7   35 38 39 42 45 58 60 
3   37 54 63 
3   5 6 62 
7   1 30 37 46 53 60 69 
3   40 41 58 
3   7 39 43 
3   50 54 62 
8   7 11 12 19 48 53 61 67 
5   12 32 37 41 66 
1   46 
4   1 6 43 45 
3   45 47 51 
3   9 24 69 
8   4 14 21 31 47 50 66 67 
3   41 45 54 
6   11 32 40 44 49 53 
7   5 13 23 30 37 38 48 
1   40 
3   1 19 29 
4   34 36 55 60 
7   6 17 30 36 41 54 60 
2   24 26 
6   30 34 41 45 50 59 

   70
9   3 13 23 32 34 41 43 57 65 
4   14 34 47 54 
2   1 37 
3   30 32 50 
6   26 32 45 48 52 68 
3   12 17 29 
8   8 20 24 34 35 43 46 52 
7   7 43 48 50 61 64 69 
3   10 15 65 
2   9 15 
3   13 27 48 
2   6 49 
5   1 11 19 29 50 
3   2 47 55 
6   9 10 19 20 48 50 
2   63 65 
3   6 40 49 
5   20 25 34 58 59 
4   13 15 21 58 
5   7 15 18 30 61 
3   19 44 58 
2   52 61 
6   1 29 33 45 46 52 
4   7 35 39 63 
4   18 35 36 59 
4   5 29 32 40 
4   11 36 65 68 
3   44 64 68 
7   6 13 23 26 45 46 59 
4   4 20 43 65 
3   40 51 67 
5   1 4 5 26 41 
5   23 37 40 46 51 
4   1 2 7 18 
5   7 24 25 49 61 
4   25 27 37 43 
5   3 33 36 52 65 
1   60 
1   24 
4   17 26 31 33 
4   1 32 44 63 
2   55 70 
5   1 7 8 30 36 
4   21 28 41 61 
3   5 23 29 
5   7 23 29 33 50 
4   2 14 67 69 
4   5 8 11 15 
5   12 17 35 65 69 
6   4 8 13 15 46 63 
3   31 33 68 
6   5 7 22 23 37 57 
2   54 70 
3   2 53 68 
3   14 42 69 
3   65 68 70 
2   1 52 
3   18 19 21 
3   18 25 29 
1   38 
5   8 20 22 35 44 
0   
5   16 24 41 50 66 
2   8 28 
8   1 9 16 27 30 37 49 56 
2   63 68 
4   31 47 68 69 
8   5 27 28 51 54 56 66 67 
5   8 47 49 55 67 
3   42 53 56 

   71
7   5 9 14 45 49 55 61 
4   18 30 45 59 
4   9 28 43 51 
3   13 20 57 
3   1 47 65 
4   12 14 17 63 
4   20 35 39 66 
2   29 42 
6   1 3 38 40 41 71 
2   56 63 
2   24 52 
5   6 16 24 49 53 
4   4 14 17 28 
3   1 6 13 
6   16 36 44 45 46 48 
5   12 15 56 64 69 
8   6 13 23 27 46 52 63 68 
2   2 37 
3   21 59 60 
5   4 7 24 41 66 
4   19 44 58 68 
3   30 39 66 
4   17 43 62 64 
7   11 12 20 29 32 47 66 
5   31 58 60 61 63 
4   42 53 55 64 
2   17 62 
5   3 13 36 65 68 
4   8 24 32 38 
4   2 22 36 70 
3   25 38 70 
3   24 29 44 
2   52 56 
2   47 56 
4   7 43 45 68 
6   15 28 30 54 59 63 
2   18 38 
5   9 29 31 37 40 
3   7 22 53 
3   9 38 46 
3   9 20 45 
4   8 26 54 55 
3   3 23 35 
5   15 21 32 46 56 
6   1 2 15 35 41 68 
5   15 17 40 44 50 
6   5 24 34 52 53 55 
3   15 58 60 
3   1 12 62 
4   46 52 66 69 
2   3 70 
8   11 17 33 47 50 55 66 69 
5   12 26 39 47 67 
2   36 42 
6   1 26 42 47 52 59 
6   10 16 33 34 44 71 
3   4 67 71 
3   21 25 48 
5   2 19 36 55 67 
4   19 25 48 71 
2   1 25 
3   23 27 49 
7   6 10 17 25 36 64 67 
4   16 23 26 63 
4   5 28 66 69 
7   7 20 22 24 50 52 65 
4   53 57 59 63 
6   17 21 28 35 45 69 
6   16 50 52 65 68 70 
4   30 31 51 69 
4   9 56 57 60 

   72
5   18 32 34 36 47 
3   39 45 49 
3   21 25 26 
7   8 12 33 37 50 59 72 
3   26 29 58 
3   11 13 14 
1   21 
11   4 16 17 19 22 23 26 32 33 58 69 
5   18 27 33 57 64 
3   19 49 52 
4   6 41 47 56 
3   4 24 28 
3   6 30 55 
4   6 26 33 34 
7   21 25 41 42 47 52 54 
5   8 27 47 69 72 
6   8 21 28 51 56 58 
2   1 9 
4   8 10 27 70 
3   25 57 62 
5   3 7 15 17 39 
6   8 24 37 61 65 66 
6   8 31 40 43 70 72 
9   12 22 27 29 32 41 49 54 65 
3   3 15 20 
8   3 5 8 14 44 48 52 66 
8   9 16 19 24 34 47 62 68 
5   12 17 43 50 65 
4   5 24 46 69 
3   13 68 69 
3   23 36 49 
5   1 8 24 45 62 
4   4 8 9 14 
4   1 14 27 40 
2   54 62 
3   1 31 65 
2   4 22 
1   58 
5   2 21 47 60 64 
5   23 34 49 53 62 
5   11 15 24 45 60 
3   15 52 72 
4   23 28 46 49 
1   26 
3   2 32 41 
5   29 43 52 56 65 
8   1 11 15 16 27 39 56 62 
4   26 51 70 71 
6   2 10 24 31 40 43 
3   4 28 66 
3   17 48 53 
7   10 15 26 42 46 59 66 
2   40 51 
5   15 24 35 58 68 
3   13 69 71 
5   11 17 46 47 57 
4   9 20 56 60 
7   5 8 17 38 54 68 71 
2   4 52 
3   39 41 57 
2   22 70 
6   20 27 32 35 40 47 
1   71 
2   9 39 
6   22 24 28 36 46 71 
4   22 26 50 52 
1   68 
5   27 30 54 58 67 
5   8 16 29 30 55 
4   19 23 48 61 
5   48 55 58 63 65 
4   4 16 23 42 

   73
1   36 
5   3 14 20 42 72 
4   2 6 47 59 
9   7 8 9 10 14 20 24 32 56 
3   35 38 65 
4   3 21 28 71 
5   4 8 28 47 49 
7   4 7 14 19 30 59 64 
3   4 35 70 
7   4 12 15 16 25 48 51 
4   27 30 34 67 
5   10 30 57 64 67 
3   48 51 61 
4   2 4 8 47 
4   10 23 34 52 
4   10 26 28 40 
3   35 44 72 
4   25 35 49 54 
4   8 31 37 44 
5   2 4 21 64 69 
5   6 20 32 40 45 
5   26 32 48 53 72 
6   15 37 45 46 47 55 
3   4 30 40 
7   10 18 28 38 53 60 62 
4   16 22 47 53 
1   11 
5   6 7 16 25 37 
3   37 39 59 
5   8 11 12 24 56 
5   19 34 48 65 66 
4   4 21 22 51 
4   39 48 59 73 
8   11 15 31 47 50 51 55 68 
4   5 9 17 18 
4   1 42 52 57 
7   19 23 28 29 45 57 69 
5   5 25 61 64 69 
8   29 33 40 43 59 63 66 70 
6   16 21 24 39 41 60 
2   40 68 
4   2 36 53 64 
1   39 
2   17 19 
4   21 23 37 49 
2   23 68 
7   3 7 14 23 26 34 59 
6   10 13 22 31 33 69 
6   7 18 45 60 68 72 
2   34 55 
5   10 13 32 34 66 
2   15 36 
4   22 25 26 42 
3   18 61 64 
3   23 34 50 
2   4 30 
5   12 36 37 59 70 
2   63 68 
8   3 8 29 33 39 47 57 72 
3   25 40 49 
4   13 38 54 66 
3   25 67 68 
3   39 58 69 
6   8 12 20 38 42 54 
2   5 31 
4   31 39 51 61 
4   11 12 62 72 
6   34 41 46 49 58 62 
5   20 37 38 48 63 
4   9 39 57 73 
3   6 72 73 
7   2 17 22 49 59 67 71 
3   33 70 71 

   74
5   4 16 18 60 71 
3   14 22 31 
1   49 
6   1 38 45 52 61 66 
2   23 46 
4   19 37 39 68 
3   14 50 74 
4   9 20 23 72 
6   8 13 14 22 27 51 
0   
4   16 27 33 49 
5   25 26 49 50 54 
5   9 14 56 64 65 
11   2 7 9 13 16 18 23 29 39 41 71 
6   20 34 54 69 70 71 
5   1 11 14 25 60 
2   26 51 
3   1 14 68 
9   6 21 24 27 57 59 66 71 74 
4   8 15 23 57 
6   19 35 43 44 66 69 
3   2 9 48 
6   5 8 14 20 47 65 
5   19 26 37 48 68 
6   12 16 30 38 39 46 
8   12 17 24 28 41 43 64 70 
5   9 11 19 51 61 
3   26 46 74 
3   14 59 65 
3   25 38 56 
2   2 74 
2   43 55 
2   11 57 
4   15 38 53 57 
6   21 55 56 64 73 74 
2   47 69 
4   6 24 48 61 
6   4 25 30 34 44 55 
5   6 14 25 40 51 
1   39 
3   14 26 55 
4   50 68 69 72 
5   21 26 32 55 73 
5   21 38 48 54 74 
2   4 58 
5   5 25 28 48 57 
2   23 36 
7   22 24 37 44 46 50 67 
3   3 11 12 
4   7 12 42 48 
6   9 17 27 39 52 54 
4   4 51 66 73 
2   34 56 
5   12 15 44 51 68 
5   32 35 38 41 43 
5   13 30 35 53 58 
6   19 20 33 34 46 59 
4   45 56 60 71 
5   19 29 57 66 74 
4   1 16 58 68 
3   4 27 37 
2   67 73 
0   
4   13 26 35 67 
3   13 23 29 
5   4 19 21 52 59 
3   48 62 64 
7   6 18 24 42 54 60 74 
4   15 21 36 42 
2   15 26 
5   1 14 15 19 58 
4   8 42 73 74 
5   35 43 52 62 72 
9   7 19 28 31 35 44 59 68 72 

   75
2   14 71 
3   13 49 58 
5   7 24 63 66 68 
4   5 25 37 75 
4   4 8 34 46 
4   30 37 59 69 
5   3 10 23 55 67 
6   5 15 29 48 50 70 
3   17 36 66 
3   7 21 45 
2   57 71 
3   25 28 42 
9   2 15 27 39 41 52 60 63 74 
3   1 28 63 
8   8 13 23 38 40 46 59 69 
3   31 54 74 
6   9 22 25 36 37 71 
5   29 38 54 56 73 
1   40 
4   21 66 67 69 
5   10 20 40 44 57 
2   17 28 
5   7 15 42 53 66 
5   3 25 57 58 61 
7   4 12 17 24 27 30 59 
3   33 47 59 
5   13 25 34 52 53 
6   12 14 22 36 45 55 
4   8 18 67 72 
5   6 25 47 61 64 
5   16 35 56 60 63 
2   52 69 
4   26 35 52 63 
7   5 27 35 40 55 59 67 
5   31 33 34 51 75 
5   9 17 28 47 68 
6   4 6 17 48 53 62 
4   15 18 43 52 
3   13 53 63 
7   15 19 21 34 41 54 59 
3   13 40 44 
4   12 23 45 69 
1   38 
4   21 41 46 73 
3   10 28 42 
4   5 15 44 74 
3   26 30 36 
3   8 37 59 
2   2 73 
3   8 67 69 
3   35 64 73 
7   13 27 32 33 38 54 61 
5   23 27 37 39 58 
6   16 18 40 52 62 71 
4   7 28 34 72 
4   18 31 57 75 
5   11 21 24 56 65 
5   2 24 53 63 72 
9   6 15 25 26 34 40 48 63 72 
4   13 31 70 71 
4   24 30 52 63 
4   37 54 69 75 
9   3 13 14 31 33 39 58 59 61 
2   30 51 
2   57 70 
4   3 9 20 23 
5   7 20 29 34 50 
2   3 36 
7   6 15 20 32 42 50 62 
5   8 60 65 72 73 
5   1 11 17 54 60 
5   29 55 58 59 70 
5   18 44 49 51 70 
3   13 16 46 
4   4 35 56 62 

   76
3   27 46 60 
6   33 35 47 59 69 75 
6   8 45 47 51 60 68 
3   37 50 67 
1   31 
4   13 17 45 58 
1   17 
7   3 35 46 50 52 71 76 
6   15 19 21 35 57 65 
1   22 
4   17 29 43 58 
2   17 59 
5   6 32 45 57 70 
4   27 40 60 61 
5   9 36 37 52 67 
3   36 56 76 
8   6 7 11 12 24 27 40 67 
3   37 40 68 
7   9 32 37 47 58 68 70 
2   32 67 
3   9 24 75 
7   10 26 28 60 62 66 76 
5   31 52 59 60 64 
5   17 21 35 39 74 
6   35 37 43 63 67 75 
4   22 29 49 66 
5   1 14 17 62 69 
1   22 
5   11 26 47 56 69 
2   35 75 
5   5 23 41 59 61 
4   13 19 20 73 
2   2 50 
1   61 
10   2 8 9 24 25 30 36 37 46 66 
5   15 16 35 50 73 
6   4 15 18 19 25 35 
2   58 62 
3   24 50 73 
11   14 17 18 52 53 58 62 69 71 73 74 
2   31 48 
0   
5   11 25 48 53 70 
3   55 65 72 
6   3 6 13 47 50 63 
5   1 8 35 58 61 
7   2 3 19 29 45 51 58 
3   41 43 70 
1   26 
8   4 8 33 36 39 45 72 75 
4   3 47 58 64 
4   8 15 23 40 
3   40 43 71 
3   67 70 72 
3   44 61 66 
3   16 29 68 
2   9 13 
10   6 11 19 38 40 46 47 51 65 69 
6   2 12 23 31 61 68 
6   1 3 14 22 23 65 
6   14 31 34 46 55 59 
5   22 27 38 40 75 
3   25 45 69 
2   23 51 
5   9 44 58 60 76 
6   22 26 35 55 70 72 
6   4 15 17 20 25 54 
5   3 18 19 56 59 
6   2 27 29 40 58 63 
7   13 19 43 48 54 66 75 
3   8 40 53 
4   44 50 54 66 
5   32 36 39 40 75 
2   24 40 
8   2 21 25 30 50 62 70 73 
4   8 16 22 65 

   77
6   5 16 38 45 50 66 
3   62 72 77 
4   29 42 48 51 
5   10 42 45 60 74 
4   1 18 31 41 
5   11 33 43 56 74 
3   13 65 77 
5   10 12 47 51 52 
3   21 51 76 
7   4 8 33 46 51 52 75 
5   6 18 21 50 58 
6   8 13 27 31 40 47 
5   7 12 16 69 73 
4   66 67 69 73 
3   18 19 42 
4   1 13 18 32 
4   19 51 66 67 
7   5 11 15 16 22 27 52 
4   15 17 28 37 
0   
3   9 11 73 
3   18 58 62 
7   25 33 37 41 51 56 65 
5   32 35 59 68 74 
5   23 34 35 53 69 
1   42 
3   12 18 46 
3   19 75 77 
7   3 39 40 53 54 68 76 
3   41 42 64 
6   5 12 57 59 61 67 
5   16 24 44 53 63 
7   6 10 23 61 63 66 77 
5   25 60 67 71 76 
4   24 25 63 64 
5   43 53 55 59 65 
5   19 23 39 49 76 
4   1 43 71 77 
4   29 37 46 66 
4   12 29 66 70 
6   5 23 30 45 56 75 
6   3 4 15 26 30 69 
4   6 36 38 66 
2   32 68 
5   1 4 41 69 71 
5   10 27 39 61 62 
4   8 12 64 76 
4   3 52 56 77 
4   37 68 69 76 
3   1 11 64 
8   3 8 9 10 17 23 64 69 
6   8 10 18 48 53 70 
8   25 29 32 36 52 55 62 63 
2   29 61 
4   36 53 66 75 
4   6 23 41 48 
2   31 67 
2   11 22 
3   24 31 36 
3   4 34 71 
5   31 33 46 54 68 
4   2 22 46 53 
4   32 33 35 53 
5   30 35 47 50 51 
3   7 23 36 
8   1 14 17 33 39 40 43 55 
5   14 17 31 34 57 
5   24 29 44 49 61 
9   13 14 25 42 45 49 51 72 77 
3   40 52 77 
4   34 38 45 60 
3   2 69 75 
3   13 14 21 
3   4 6 24 
5   10 28 41 55 72 
6   9 29 34 37 47 49 
8   2 7 28 33 38 48 69 70 

   78
8   6 16 22 33 34 35 57 70 
3   42 67 68 
3   10 21 36 
2   34 56 
1   67 
5   1 7 9 10 12 
7   6 17 21 31 37 54 65 
4   55 65 76 77 
4   6 24 46 60 
2   3 6 
7   14 15 29 39 42 46 76 
9   6 23 39 40 42 45 61 76 77 
5   25 32 37 47 73 
4   11 33 40 48 
3   11 19 33 
3   1 21 30 
4   7 22 28 57 
3   66 72 76 
7   15 41 44 49 66 67 77 
2   72 76 
7   3 7 16 29 48 70 76 
5   1 17 32 56 66 
4   12 31 56 77 
3   9 29 46 
3   13 38 40 
4   33 43 67 76 
5   30 37 43 52 75 
4   17 50 54 76 
9   11 21 24 33 38 40 45 49 70 
5   16 27 33 61 66 
7   7 23 41 45 52 71 78 
8   13 22 34 52 55 59 65 73 
9   1 14 15 26 29 30 52 69 73 
7   1 4 32 37 38 58 78 
4   1 43 49 58 
3   3 45 57 
7   7 13 27 34 50 59 60 
7   25 29 34 42 45 65 69 
3   11 12 65 
7   12 14 25 29 61 63 74 
3   19 31 67 
4   2 11 12 38 
4   26 27 35 68 
3   19 50 72 
5   12 29 31 36 38 
7   9 11 24 50 59 72 75 
2   13 71 
4   14 21 60 67 
5   19 29 35 54 55 
4   28 37 44 46 
0   
5   27 31 32 33 55 
0   
7   7 28 49 63 65 66 76 
4   8 32 49 52 
4   4 22 23 69 
5   1 17 36 71 75 
3   34 35 72 
4   32 37 46 70 
3   9 37 48 
5   12 30 40 65 73 
2   66 75 
2   40 54 
0   
7   7 8 32 38 39 54 61 
6   18 19 22 30 54 62 
6   2 5 19 26 41 48 
4   2 43 73 76 
3   33 38 56 
4   1 21 29 59 
3   31 47 57 
6   18 20 44 46 58 77 
5   13 32 33 61 68 
1   40 
4   27 46 57 62 
10   8 11 12 18 20 21 26 28 54 68 
5   8 12 19 23 72 
2   31 34 

   79
5   46 51 58 65 69 
8   5 21 32 35 39 54 56 67 
6   8 23 26 30 41 74 
0   
9   2 9 18 21 27 37 49 65 68 
4   24 26 29 40 
4   23 51 55 71 
5   3 15 23 26 79 
5   5 40 52 73 79 
4   23 24 33 53 
3   40 61 79 
3   36 38 53 
1   17 
3   15 72 76 
7   8 14 42 54 57 59 70 
2   41 48 
5   13 29 37 38 61 
6   5 26 42 53 72 78 
1   23 
2   53 62 
5   2 5 31 45 67 
1   75 
12   3 7 8 10 19 26 31 38 56 58 61 74 
5   6 10 52 70 75 
2   31 36 
11   3 6 8 18 23 34 51 64 65 68 71 
2   5 73 
5   50 53 54 55 73 
4   6 17 31 37 
1   3 
8   21 23 25 29 36 43 58 67 
4   2 53 63 76 
4   10 39 50 79 
6   26 40 51 54 67 68 
3   2 55 70 
7   12 25 31 40 53 58 60 
3   5 17 29 
8   12 17 23 42 50 58 72 74 
2   2 33 
8   6 9 11 34 36 54 63 77 
5   3 16 70 71 72 
5   15 18 38 68 73 
3   31 56 77 
3   53 62 69 
1   21 
4   1 58 71 76 
1   76 
4   16 61 67 72 
3   5 53 69 
3   28 33 38 
6   1 7 26 34 68 76 
5   9 24 53 62 72 
11   10 12 18 20 28 32 36 44 49 52 65 
8   2 15 28 34 40 58 66 67 
4   7 28 35 64 
3   2 23 43 
1   15 
9   1 23 31 36 38 46 54 59 61 
2   15 58 
3   36 62 64 
5   11 17 23 48 58 
7   20 44 52 60 73 75 77 
4   32 40 68 75 
4   26 55 60 78 
4   1 5 26 53 
2   54 79 
7   2 21 31 34 48 54 77 
6   5 26 34 42 51 63 
4   1 44 49 74 
4   15 24 35 41 
4   7 26 41 46 
6   14 18 38 41 48 52 
5   9 27 28 42 62 
5   3 23 38 69 78 
4   22 24 62 63 
5   14 32 46 47 51 
4   40 43 62 67 
3   18 64 74 
5   8 9 11 33 66 

   80
6   13 14 46 52 57 65 
5   10 13 17 39 74 
6   17 31 50 54 62 72 
4   21 51 54 68 
6   10 12 20 34 78 80 
4   30 48 51 57 
3   25 56 66 
4   24 26 34 69 
7   28 32 35 42 46 52 54 
8   2 5 11 28 46 52 68 75 
5   10 23 26 31 44 
5   5 18 19 27 66 
6   1 2 32 35 42 75 
5   1 36 47 52 55 
8   22 31 33 43 68 72 78 80 
7   21 35 52 53 59 60 76 
3   2 3 65 
4   12 34 48 52 
5   12 29 36 40 47 
4   5 48 57 67 
5   4 16 30 36 74 
4   15 39 45 54 
4   11 27 77 80 
5   8 44 48 55 57 
2   7 50 
5   8 11 35 51 69 
8   12 23 34 37 49 51 58 66 
3   9 10 40 
3   19 33 70 
3   6 21 77 
9   3 11 15 33 42 47 55 63 70 
2   9 13 
5   15 29 31 34 41 
9   5 8 18 27 33 49 56 60 72 
9   9 13 16 26 44 47 51 53 62 
4   14 19 21 68 
4   27 51 53 76 
1   51 
2   2 22 
2   19 28 
3   33 73 78 
7   9 13 31 50 57 71 74 
2   15 69 
6   11 24 35 47 72 77 
2   22 77 
5   1 9 10 59 72 
11   14 19 31 35 44 53 56 71 72 74 78 
6   6 18 20 24 69 71 
3   27 34 63 
4   3 25 42 80 
8   4 6 26 27 35 37 38 56 
8   1 9 10 14 16 18 55 60 
5   16 35 37 47 74 
5   3 4 9 22 57 
6   14 24 31 52 61 77 
5   7 34 47 51 69 
7   1 6 20 24 42 54 59 
3   27 62 63 
3   16 46 57 
6   16 34 52 64 66 74 
2   55 80 
5   3 35 58 70 78 
4   31 49 58 69 
2   60 77 
2   1 17 
5   7 12 27 60 70 
3   20 69 78 
4   4 10 15 36 
8   8 26 43 48 56 63 67 78 
4   29 31 62 66 
3   42 47 48 
6   3 15 34 44 46 47 
1   41 
6   2 21 42 47 53 60 
2   10 13 
2   16 37 
6   23 30 44 45 55 64 
7   5 15 41 47 62 67 69 
0   
5   5 15 23 50 61 

   81
6   23 27 30 38 75 81 
7   10 12 24 31 41 51 63 
4   20 26 55 61 
6   14 31 35 51 67 81 
2   10 40 
8   10 17 18 34 35 50 55 74 
4   10 24 39 59 
4   25 47 60 73 
1   18 
7   2 5 6 7 18 24 76 
4   30 44 57 63 
2   2 16 
8   20 26 31 60 61 64 67 72 
3   4 28 78 
2   33 75 
6   12 39 44 49 52 64 
5   6 19 64 68 71 
3   6 9 10 
3   17 40 52 
4   3 13 21 80 
6   20 29 44 51 58 72 
4   30 39 75 78 
6   1 41 68 70 76 78 
4   2 7 10 55 
6   8 37 39 43 55 73 
5   3 13 32 64 66 
3   1 49 81 
5   14 36 39 69 76 
3   21 45 70 
4   1 11 22 63 
4   2 4 13 68 
4   26 36 45 64 
3   15 39 59 
5   6 54 60 78 79 
6   4 6 40 44 49 60 
7   28 32 41 44 60 63 69 
2   25 72 
4   1 61 73 76 
7   7 16 22 25 28 33 70 
6   5 19 35 42 48 75 
6   2 23 36 53 61 72 
2   40 74 
6   25 49 54 58 69 80 
7   11 16 21 35 36 45 72 
4   29 32 44 72 
3   58 67 74 
3   8 58 75 
1   40 
7   16 27 35 43 64 70 77 
5   6 55 59 65 81 
4   2 4 21 58 
3   16 19 78 
4   41 54 69 78 
5   34 43 53 57 66 
8   3 6 24 25 50 60 62 79 
1   69 
4   11 54 63 76 
7   21 43 46 47 51 65 68 
5   7 33 50 61 77 
7   8 13 34 35 36 55 78 
7   3 13 38 41 59 66 74 
3   55 68 71 
8   2 11 30 36 57 67 70 74 
7   13 16 17 26 32 49 70 
2   50 58 
3   26 54 61 
5   4 13 46 63 76 
6   17 23 31 58 62 80 
7   28 36 43 53 56 73 80 
7   23 29 39 49 63 64 81 
3   17 62 72 
8   13 21 37 41 44 45 71 76 
6   8 25 38 69 74 80 
6   6 42 46 61 63 73 
5   1 15 22 40 47 
7   10 23 28 38 57 67 72 
2   49 59 
7   14 22 23 34 52 53 60 
2   34 55 
5   20 43 68 69 73 
5   1 4 27 50 70 

   82
6   6 21 58 61 68 74 
4   5 46 80 82 
7   4 5 7 23 26 49 82 
7   3 25 34 38 49 65 71 
9   2 3 6 7 10 15 26 31 57 
8   1 5 13 18 40 53 67 68 
7   3 5 12 17 18 59 60 
6   16 28 39 71 73 74 
1   59 
1   5 
5   23 34 47 62 74 
7   7 18 47 55 63 73 77 
2   6 47 
2   29 48 
6   5 35 36 39 60 71 
4   8 29 46 61 
6   7 20 38 41 63 71 
7   6 7 12 21 31 43 48 
5   56 66 68 77 82 
6   17 29 30 66 80 81 
5   1 18 25 34 82 
4   34 52 60 61 
9   3 11 32 36 45 48 61 65 69 
2   36 53 
5   4 21 42 62 75 
5   3 5 35 43 52 
3   30 33 66 
3   8 47 81 
6   14 16 20 46 59 73 
4   20 27 62 68 
5   5 18 72 75 81 
3   23 41 60 
2   27 56 
9   4 11 21 22 51 59 74 79 81 
5   15 26 50 51 60 
5   15 23 24 37 69 
3   36 42 53 
7   4 17 41 48 60 65 68 
3   8 15 69 
1   6 
6   17 32 38 66 68 78 
9   25 37 48 53 55 63 65 67 79 
4   18 26 48 64 
1   45 
2   23 44 
5   2 16 29 49 74 
5   11 12 13 28 60 
10   14 18 23 38 42 43 52 58 59 68 
4   3 4 46 65 
2   35 56 
3   34 35 75 
6   22 26 48 62 66 79 
4   6 24 37 42 
3   75 79 81 
2   12 42 
6   19 33 50 69 71 73 
2   5 75 
3   1 48 59 
7   7 9 29 34 48 58 82 
7   7 15 22 32 35 38 47 
6   1 16 22 23 76 77 
6   11 25 30 52 65 73 
6   12 17 42 75 79 82 
1   43 
7   4 23 38 42 49 62 74 
6   19 20 27 41 52 70 
2   6 42 
8   1 6 19 30 38 41 48 79 
7   23 36 39 56 72 73 79 
2   66 74 
5   4 8 15 17 56 
2   31 69 
6   8 12 29 56 62 69 
7   1 8 11 34 46 65 70 
7   25 31 51 54 57 63 77 
2   61 81 
4   12 19 61 75 
1   41 
7   34 42 52 54 63 68 69 
2   2 20 
6   20 28 31 34 54 76 
6   2 3 19 21 59 63 

   83
6   4 22 29 33 44 59 
1   31 
7   6 11 19 37 69 77 78 
5   1 12 20 38 39 
9   10 12 25 29 41 51 56 57 72 
9   3 10 18 19 22 31 39 67 72 
3   32 35 61 
2   24 29 
3   20 39 41 
3   5 6 53 
9   3 26 39 45 59 62 74 77 79 
7   4 5 47 55 68 73 75 
4   53 54 56 68 
4   15 30 66 83 
1   14 
10   18 22 54 57 59 61 72 74 78 83 
1   19 
6   6 16 26 52 75 76 
4   3 6 17 22 
4   4 9 37 77 
4   38 58 62 65 
9   1 6 16 19 41 47 49 54 80 
4   39 43 81 83 
2   8 47 
5   5 39 49 66 67 
5   11 18 44 52 82 
3   35 62 66 
5   40 49 57 70 81 
7   1 5 8 33 35 67 82 
2   14 55 
5   2 6 32 53 76 
4   7 31 47 68 
4   1 29 39 69 
6   37 38 50 52 71 80 
6   7 27 29 70 78 81 
4   43 51 60 69 
4   3 20 34 50 
6   4 21 34 66 69 77 
10   4 6 9 11 23 25 33 48 59 75 
1   28 
5   5 9 22 66 77 
4   45 57 72 83 
3   23 36 53 
5   1 26 53 75 76 
5   11 42 56 57 80 
2   58 75 
7   12 22 24 32 52 53 71 
6   39 52 63 66 74 81 
5   22 25 28 58 76 
3   34 37 65 
3   5 36 59 
7   18 26 34 47 48 53 75 
8   10 13 31 43 44 47 52 82 
5   13 16 22 61 66 
3   12 30 56 
5   5 13 45 55 61 
7   5 16 28 42 45 71 79 
5   21 46 49 63 73 
6   1 11 16 39 51 70 
2   36 81 
5   7 16 54 56 82 
7   11 21 27 65 68 77 79 
2   48 58 
0   
5   21 50 62 68 72 
8   14 25 27 38 41 48 54 77 
4   6 25 29 72 
6   12 13 32 62 65 82 
5   3 33 36 38 79 
4   28 35 59 83 
4   34 47 57 79 
7   5 6 16 42 65 67 73 
3   12 58 72 
3   11 16 48 
7   12 18 39 44 46 52 81 
5   18 31 44 49 83 
7   3 11 20 38 41 62 66 
4   3 16 35 81 
5   11 57 62 69 71 
3   22 34 45 
7   23 28 35 48 60 75 78 
5   26 29 53 61 68 
6   14 16 23 42 70 76 

   84
4   10 44 47 75 
7   10 32 38 42 52 54 73 
8   4 5 13 23 26 34 57 73 
7   3 15 28 31 44 61 70 
11   3 6 11 15 44 47 53 54 68 82 83 
6   5 31 34 36 69 82 
4   13 20 32 63 
7   20 23 28 43 46 55 65 
8   16 21 22 24 36 39 76 79 
5   1 2 18 28 63 
5   5 33 37 62 83 
8   22 33 45 53 56 67 75 81 
7   3 7 28 31 57 75 81 
4   37 48 72 83 
7   4 5 21 47 52 74 75 
4   9 55 70 83 
4   58 59 73 74 
6   10 19 31 42 51 80 
3   18 39 71 
6   7 8 30 38 44 64 
6   9 15 33 40 60 76 
5   9 12 40 42 65 
5   3 8 35 55 59 
3   9 47 71 
2   69 80 
5   3 29 79 82 83 
2   42 81 
10   4 8 10 13 30 39 52 53 56 78 
1   26 
6   20 28 39 42 51 74 
7   4 6 13 18 39 63 73 
4   2 7 49 77 
4   11 12 21 40 
5   3 6 35 68 71 
3   23 34 63 
4   6 9 52 72 
2   11 14 
6   2 20 44 51 55 80 
7   9 19 28 30 31 69 76 
3   21 22 33 
3   52 62 76 
5   2 18 22 27 30 
1   8 
10   1 4 5 20 38 53 60 69 71 80 
2   12 46 
6   8 45 63 68 80 83 
6   1 5 15 24 58 71 
5   14 55 64 74 76 
6   32 57 68 71 73 80 
0   
4   18 30 38 65 
7   2 15 28 36 41 67 81 
6   5 12 28 44 74 80 
3   2 5 76 
6   8 16 23 38 48 61 
3   12 28 66 
3   3 13 49 
4   17 47 69 78 
2   17 23 
3   21 44 66 
3   4 55 84 
3   11 41 68 
6   7 10 31 35 46 70 
3   20 48 70 
3   8 22 51 
2   56 60 
3   12 52 77 
6   5 34 46 49 62 77 
7   6 25 39 44 58 78 83 
5   4 16 63 64 83 
7   19 24 34 44 47 49 76 
3   14 36 78 
5   2 3 17 31 49 
5   15 17 30 48 53 
5   1 12 13 15 84 
7   9 21 39 41 48 54 71 
4   32 67 68 81 
4   28 58 69 72 
3   9 26 83 
7   18 25 38 44 46 49 53 
5   12 13 27 52 77 
3   5 6 26 
9   5 11 14 16 26 46 69 70 79 
2   61 75 

   85
6   16 23 64 71 83 85 
6   14 33 45 49 58 61 
9   6 7 22 28 63 67 68 74 83 
8   7 17 29 51 56 61 73 76 
5   16 18 31 35 52 
6   3 33 35 50 51 83 
10   3 4 9 20 23 56 60 62 67 80 
4   25 33 38 72 
5   7 31 58 62 75 
5   18 25 39 63 84 
4   19 28 41 72 
3   27 38 85 
5   21 32 36 39 45 
4   2 34 51 76 
4   17 30 32 65 
5   1 5 28 38 55 
7   4 15 18 31 60 77 84 
5   5 10 17 69 72 
3   11 57 85 
4   7 22 28 69 
5   13 29 39 49 50 
6   3 20 33 73 82 85 
6   1 7 27 29 45 74 
4   28 45 47 70 
8   8 10 37 40 42 56 72 81 
4   45 49 71 80 
4   12 23 32 67 
10   3 11 16 20 24 37 57 59 60 83 
7   4 21 23 44 45 54 69 
3   15 69 84 
8   5 9 17 37 43 49 65 75 
3   13 15 27 
6   2 6 8 22 55 76 
4   14 44 61 67 
3   5 6 36 
4   13 35 45 82 
4   25 28 31 82 
5   8 12 16 64 75 
3   10 13 21 
1   25 
4   11 61 69 83 
2   25 50 
2   31 74 
4   29 34 63 74 
7   2 13 23 24 26 29 36 
4   52 54 57 83 
3   24 57 85 
3   51 58 68 
5   2 21 26 31 69 
4   6 21 42 76 
5   4 6 14 48 54 
4   5 46 54 59 
3   60 65 75 
6   29 46 51 52 55 82 
3   16 33 54 
4   4 7 25 77 
6   19 28 46 47 73 83 
8   2 9 48 74 75 81 83 85 
5   28 52 74 75 80 
6   7 17 28 53 71 72 
6   2 4 34 41 68 81 
4   7 9 65 77 
4   3 10 44 69 
4   1 38 65 83 
6   15 31 53 62 64 78 
3   70 76 81 
4   3 7 27 34 
4   3 48 61 76 
9   18 20 29 30 41 49 63 78 80 
2   24 66 
3   1 26 60 
6   8 11 18 25 60 84 
4   4 22 57 77 
6   3 23 43 44 58 59 
6   9 31 38 53 58 59 
7   4 14 33 50 66 68 84 
5   17 56 62 73 85 
4   65 69 81 82 
1   83 
4   7 26 59 69 
5   25 58 61 66 78 
5   22 36 37 54 78 
10   1 3 6 28 41 46 57 58 64 79 
5   10 17 30 72 76 
7   1 12 19 22 47 58 77 

   86
6   11 23 42 60 83 85 
6   35 36 45 66 70 86 
7   10 58 68 72 75 76 81 
3   25 28 62 
9   8 10 20 21 32 58 72 79 81 
6   23 28 40 81 82 86 
6   16 18 25 49 66 69 
5   5 43 68 82 84 
3   28 53 72 
6   3 5 14 23 56 61 
4   1 27 53 57 
3   28 36 38 
4   33 59 62 73 
4   10 21 35 38 
1   16 
4   7 15 74 80 
3   18 49 81 
4   7 17 30 41 
3   38 59 64 
5   5 35 47 73 75 
5   5 14 46 55 71 
4   27 37 42 60 
6   1 6 10 28 32 82 
2   27 37 
6   4 7 51 62 64 84 
4   33 35 47 80 
9   11 22 24 35 42 65 68 74 79 
12   4 6 9 12 23 37 40 51 53 69 74 86 
2   38 45 
5   18 32 60 63 85 
4   48 64 79 80 
10   5 23 30 37 39 63 65 74 77 80 
4   13 26 44 69 
3   54 67 85 
6   2 14 20 26 27 86 
5   2 12 57 66 86 
10   22 24 28 32 39 40 45 73 78 80 
8   12 14 19 29 62 64 65 86 
6   32 37 40 45 76 81 
6   6 28 37 39 55 86 
1   18 
6   1 22 27 52 53 68 
6   8 54 63 79 80 83 
4   33 71 82 85 
4   2 29 37 39 
2   21 64 
4   20 26 68 83 
2   31 51 
4   7 17 65 79 
1   65 
4   25 28 48 52 
4   42 51 59 63 
7   9 11 28 42 56 61 67 
4   34 43 61 78 
6   21 40 56 68 84 86 
6   10 53 55 68 70 86 
5   11 36 67 69 82 
3   3 5 60 
7   13 19 52 67 72 79 81 
5   1 22 30 58 79 
3   10 53 54 
7   4 13 25 38 65 67 81 
6   30 32 43 52 75 81 
7   19 25 31 38 46 70 74 
6   27 32 38 49 50 62 
3   2 7 36 
5   34 53 57 59 62 
8   3 8 27 42 47 55 56 73 
5   7 28 33 57 70 
5   2 56 64 69 84 
3   21 44 74 
4   3 5 9 59 
5   13 20 37 68 85 
6   16 27 28 32 64 71 
4   3 20 63 76 
3   3 39 75 
1   32 
3   37 54 84 
8   5 27 31 43 49 59 60 81 
6   16 26 31 32 37 43 
9   3 5 6 17 39 59 62 63 79 
5   6 8 23 44 57 
3   1 43 47 
5   8 25 55 70 78 
6   1 30 34 44 73 86 
10   2 6 28 35 36 38 40 55 56 85 

   87
5   3 46 59 77 79 
4   15 32 49 52 
7   1 16 29 30 50 60 84 
2   24 76 
6   56 59 60 66 73 75 
5   20 29 54 59 65 
4   30 48 49 64 
7   11 30 34 39 49 59 71 
6   43 44 54 65 67 72 
6   43 49 51 52 57 87 
4   8 14 25 69 
3   32 40 51 
6   17 38 44 46 65 83 
5   11 31 52 60 68 
6   2 41 42 48 62 70 
4   3 24 71 81 
4   13 48 83 87 
6   26 53 57 58 59 74 
3   37 50 51 
3   6 34 74 
2   73 81 
2   33 61 
5   27 29 54 79 84 
5   4 16 38 56 68 
2   11 62 
5   18 28 31 35 73 
3   23 52 67 
8   26 32 37 38 47 71 75 80 
5   3 6 23 60 68 
8   3 7 8 40 44 60 62 67 
6   14 26 36 61 62 63 
4   2 12 28 80 
5   22 40 56 58 72 
3   8 20 48 
3   26 73 80 
1   31 
4   19 28 44 79 
11   13 24 28 39 43 52 54 56 60 63 84 
7   8 38 42 58 64 65 81 
7   12 30 33 57 59 83 84 
4   15 52 56 84 
5   15 39 47 63 81 
7   9 10 38 49 54 68 70 
6   9 13 30 37 54 75 
2   70 87 
4   1 13 65 72 
6   28 42 50 60 61 72 
6   7 15 17 34 56 86 
9   2 7 8 10 43 50 63 67 84 
6   3 19 47 49 72 83 
4   10 12 19 61 
9   2 10 14 27 38 41 70 71 87 
3   18 62 63 
8   6 9 23 38 43 44 55 77 
3   54 73 78 
8   5 24 33 38 41 48 58 79 
3   10 18 40 
5   18 33 39 56 72 
9   1 5 6 8 18 40 61 76 83 
10   3 5 14 29 30 38 47 68 78 83 
6   22 31 47 51 59 76 
7   15 25 30 31 53 77 82 
6   31 38 42 49 53 85 
3   7 39 80 
7   6 9 13 39 46 83 87 
2   5 84 
4   9 27 30 49 
7   14 24 29 43 60 78 82 
3   11 77 86 
4   15 43 45 52 
6   8 16 28 52 73 81 
6   9 33 46 47 50 58 
6   5 21 26 35 55 71 
3   18 20 78 
3   5 28 44 
3   4 59 61 
5   1 54 62 69 78 
7   55 60 68 74 77 81 84 
4   1 23 37 56 
4   28 32 35 64 
6   16 21 39 42 71 78 
3   62 68 84 
8   13 17 40 50 59 60 65 85 
9   3 23 38 40 41 49 66 78 82 
2   63 83 
2   48 69 
5   10 17 45 52 65 

   88
3   2 20 24 
5   1 24 50 60 80 
8   16 31 34 35 46 59 71 79 
5   22 34 35 36 54 
7   16 48 56 67 78 84 87 
4   24 48 55 75 
2   54 59 
8   11 12 29 31 53 61 66 75 
9   17 25 31 39 46 56 66 74 83 
4   51 58 80 85 
6   8 32 33 50 62 72 
6   8 33 60 71 81 85 
6   25 30 38 44 58 61 
2   19 68 
5   27 52 56 61 62 
4   3 5 26 64 
6   9 21 33 34 64 83 
4   27 38 53 63 
5   14 26 54 62 63 
3   1 26 57 
10   17 26 27 29 43 47 55 57 74 87 
5   4 47 60 70 77 
4   38 65 69 74 
8   1 2 6 28 32 43 45 70 
3   9 13 31 
4   16 19 20 21 
9   15 18 21 31 48 56 66 74 87 
5   24 57 65 74 83 
7   8 21 50 57 72 78 85 
4   13 67 73 76 
8   3 8 9 25 27 45 48 55 
4   11 24 44 62 
3   11 12 17 
4   3 4 17 64 
5   3 4 60 67 88 
6   4 46 64 65 75 83 
4   47 63 71 81 
6   13 18 23 54 73 87 
4   9 67 74 80 
3   73 74 82 
4   57 59 67 80 
3   51 60 64 
4   21 24 46 85 
3   13 32 68 
3   24 31 46 
7   3 9 36 43 45 77 84 
3   21 22 37 
7   5 6 27 31 61 82 85 
0   
5   2 11 29 60 79 
4   10 42 65 73 
3   15 53 60 
4   8 18 52 65 
5   4 7 19 38 84 
5   6 21 31 60 67 
5   5 9 15 27 69 
6   20 21 28 29 41 77 
4   10 13 75 82 
4   3 7 41 62 
10   2 12 22 35 42 50 52 55 71 87 
5   8 13 15 48 86 
6   11 15 19 32 59 72 
5   18 19 37 75 82 
7   16 17 34 36 42 82 83 
8   23 28 36 51 53 74 76 81 
5   8 9 27 75 84 
9   5 30 35 39 41 55 68 75 81 
5   14 44 67 79 88 
3   23 56 70 
3   22 24 69 
4   3 12 37 60 
3   11 29 62 
4   30 38 40 51 
9   9 21 23 27 28 39 40 65 76 
8   6 8 36 58 63 66 67 82 
4   30 65 74 78 
4   22 46 57 85 
3   5 29 76 
5   3 50 68 81 87 
4   2 10 39 41 
5   12 37 65 67 79 
6   40 48 58 63 64 75 
6   9 17 28 36 64 84 
5   5 46 54 66 83 
7   10 12 29 43 48 77 87 
1   61 
7   5 21 27 38 60 79 85 
2   35 68 

   89
3   18 36 61 
5   7 17 38 47 59 
8   4 15 17 26 27 30 50 72 
7   3 29 32 48 58 62 83 
7   8 23 34 49 76 79 87 
4   16 19 63 83 
7   2 34 48 59 64 77 78 
4   5 15 40 75 
4   22 72 83 84 
7   20 24 37 54 76 77 80 
4   33 54 60 66 
3   40 47 54 
4   16 19 44 87 
4   32 49 60 61 
5   3 8 41 64 80 
4   6 13 35 70 
6   2 3 21 68 76 84 
3   1 48 73 
3   6 13 57 
4   10 42 46 47 
6   17 48 49 57 69 78 
6   9 35 66 72 79 83 
5   5 47 49 59 66 
5   10 38 44 73 78 
7   47 48 53 62 73 76 83 
4   3 29 36 37 
5   3 32 50 76 86 
2   37 53 
6   4 26 47 48 63 68 
7   3 33 36 49 53 61 84 
2   69 83 
8   4 14 27 36 43 57 67 82 
9   11 30 34 43 53 56 67 81 87 
4   5 7 33 57 
5   16 22 44 48 80 
7   1 26 30 32 69 77 88 
6   10 26 28 39 40 67 
5   2 24 74 77 79 
2   37 75 
7   8 12 37 46 56 66 67 
4   15 46 68 81 
5   20 51 67 76 89 
3   32 33 67 
7   13 24 35 62 68 86 87 
1   76 
7   20 40 41 55 56 64 88 
8   2 12 20 23 25 29 64 65 
9   4 7 18 21 25 29 35 54 74 
8   5 14 21 23 30 60 63 68 
4   3 27 66 79 
4   42 61 85 87 
3   60 62 84 
8   25 28 30 33 59 66 67 71 
5   10 11 12 48 76 
4   46 58 67 76 
3   33 40 46 
5   19 21 32 34 69 
4   4 55 75 89 
5   2 7 23 53 65 
5   11 14 49 52 67 
6   1 14 30 51 64 85 
5   4 25 44 52 73 
4   6 29 49 73 
7   7 15 46 47 61 67 86 
4   47 59 72 88 
7   11 22 23 40 50 53 76 
12   32 33 37 40 42 43 53 55 60 64 87 88 
6   17 29 41 44 49 79 
4   21 31 36 57 
1   16 
2   53 74 
6   3 9 22 65 82 84 
6   18 24 25 62 63 78 
6   38 48 71 75 78 80 
4   8 39 58 74 
10   5 10 17 25 27 42 45 54 55 66 
5   7 10 36 38 79 
7   7 21 24 73 74 82 88 
8   5 22 38 50 68 77 81 87 
4   10 15 35 74 
4   33 41 79 89 
3   32 72 78 
6   4 6 9 22 25 31 
7   9 17 30 52 72 86 87 
2   51 61 
5   27 44 64 84 87 
9   5 13 33 44 51 67 79 84 86 
5   36 46 65 67 78 
3   42 58 81 

   90
7   5 7 10 14 72 75 88 
4   14 18 29 38 
4   37 49 77 88 
4   52 60 75 77 
8   1 12 23 25 33 35 48 88 
10   8 19 25 33 35 50 60 66 74 76 
11   1 9 16 19 20 22 41 51 62 71 82 
6   6 12 17 22 26 66 
4   7 26 36 61 
2   1 73 
8   13 34 36 42 43 61 62 73 
7   5 8 24 71 75 79 89 
5   11 63 67 73 90 
6   1 2 15 22 29 59 
6   14 37 55 56 73 75 
5   7 27 35 46 70 
3   8 36 39 
6   2 33 60 74 83 84 
4   6 7 27 57 
4   7 27 79 84 
5   40 41 50 66 89 
8   7 8 14 33 35 61 76 85 
3   5 25 71 
3   12 35 63 
6   5 6 23 31 71 89 
9   8 9 36 37 52 53 64 68 84 
7   16 19 20 35 62 67 71 
1   43 
7   2 14 33 34 50 62 77 
3   61 86 87 
4   25 41 80 90 
5   43 48 69 70 81 
9   5 6 18 22 29 61 78 80 88 
4   11 29 37 76 
8   5 6 16 22 24 27 36 50 
7   9 11 17 26 35 72 79 
5   3 15 26 34 87 
2   2 78 
3   17 52 70 
5   21 55 63 66 73 
7   7 21 31 54 57 61 66 
3   11 48 57 
4   11 28 32 51 
4   51 65 66 85 
3   51 64 82 
3   16 58 73 
0   
7   5 32 42 49 64 78 80 
5   3 48 58 69 82 
7   6 21 29 35 62 67 85 
5   7 43 44 45 78 
4   4 26 39 78 
4   26 62 66 68 
2   41 75 
5   15 40 65 68 87 
2   15 71 
4   19 41 42 81 
4   46 49 59 70 
6   14 58 77 82 83 88 
6   4 6 18 65 73 81 
9   9 11 22 30 33 41 63 71 79 
7   7 11 27 29 50 53 85 
8   13 24 40 61 64 67 73 80 
6   26 45 48 63 67 89 
4   44 55 60 87 
8   6 8 21 40 41 44 53 71 
6   13 27 50 63 64 89 
4   26 53 55 86 
4   32 49 76 87 
5   16 32 39 58 89 
9   7 12 23 25 27 56 61 66 74 
3   1 36 82 
8   10 11 13 15 40 46 60 63 
4   6 18 71 81 
5   1 4 12 15 54 
5   6 22 34 69 77 
7   3 4 29 59 76 85 88 
6   33 38 48 51 52 85 
4   12 20 36 61 
4   31 33 48 63 
4   32 57 60 74 
6   7 45 49 59 72 86 
4   18 59 84 90 
4   18 20 26 83 
7   22 44 50 62 77 78 90 
3   30 68 82 
5   30 37 55 65 69 
7   1 3 5 33 59 77 89 
7   12 21 25 64 67 70 88 
4   13 31 83 85 

   91
5   9 17 31 54 59 
8   3 35 37 38 49 57 67 76 
9   2 6 8 10 17 20 54 59 67 
4   26 65 66 84 
6   40 47 61 64 67 75 
9   3 8 17 23 52 53 64 82 89 
4   43 50 52 62 
4   3 6 64 73 
5   1 19 26 40 63 
7   3 13 16 25 26 82 85 
5   18 29 47 60 63 
1   19 
7   10 15 47 50 65 67 77 
8   18 28 46 52 66 69 72 75 
6   13 40 50 58 60 64 
8   10 32 45 69 71 74 79 91 
8   1 3 6 23 30 60 61 64 
7   11 14 20 32 36 80 85 
4   9 12 46 71 
6   3 18 29 49 75 85 
4   37 59 83 91 
7   35 38 61 69 76 82 91 
3   6 17 36 
4   26 44 45 46 
4   10 27 45 69 
7   4 9 10 24 67 74 90 
6   25 33 37 61 84 85 
3   14 44 60 
6   11 20 61 64 81 87 
8   17 32 43 44 55 62 81 86 
3   1 70 80 
6   16 18 30 33 75 90 
5   27 32 42 68 88 
0   
6   2 22 39 42 45 74 
3   18 23 45 
8   2 21 27 66 70 72 80 82 
4   2 22 41 83 
3   35 62 75 
6   5 9 15 50 83 89 
5   38 43 45 70 73 
6   33 35 48 85 86 91 
5   7 30 41 55 56 
4   24 28 30 58 
6   16 24 25 35 36 41 
3   14 19 24 
6   5 11 13 50 66 80 
3   42 64 90 
5   2 20 54 83 88 
8   7 13 15 40 47 56 61 65 
4   64 70 85 89 
4   6 7 14 91 
6   6 72 82 84 86 88 
8   1 3 49 55 58 67 72 79 
8   30 43 54 67 72 73 79 91 
4   43 50 72 89 
1   2 
5   15 44 54 69 89 
4   1 3 21 72 
6   11 15 17 28 67 76 
7   5 17 22 27 29 50 88 
5   7 30 39 79 82 
4   9 11 76 87 
8   5 6 8 15 17 29 48 51 
3   4 13 50 
7   4 14 37 47 69 83 90 
10   2 3 5 13 26 54 55 60 73 87 
2   33 70 
7   14 16 22 25 58 66 70 
6   31 37 41 51 68 69 
3   16 19 76 
7   14 37 53 54 55 56 59 
4   8 41 55 67 
4   16 26 35 88 
6   5 14 20 32 39 86 
6   2 22 60 63 71 90 
1   13 
0   
4   16 54 55 62 
5   18 31 37 47 82 
3   29 30 86 
9   6 10 22 37 53 62 80 90 91 
6   21 38 40 49 66 88 
3   4 27 53 
6   10 18 20 27 42 51 
5   30 42 53 75 81 
3   29 63 67 
6   33 49 53 61 74 83 
5   6 40 51 56 58 
6   26 32 48 66 76 82 
7   16 21 22 42 52 55 82 

   92
3   44 47 71 
7   38 50 58 66 71 88 89 
7   4 9 43 46 70 74 76 
7   3 12 17 24 26 42 85 
8   12 22 24 37 50 73 81 91 
5   23 42 58 76 88 
4   16 26 29 63 
3   34 54 69 
6   3 14 18 36 62 64 
5   35 44 52 62 85 
5   14 34 55 75 87 
10   4 5 19 25 58 59 79 86 87 92 
3   28 45 83 
8   9 11 27 36 43 46 82 91 
5   17 25 31 85 87 
7   7 22 31 34 42 69 80 
2   4 15 
3   9 27 72 
4   12 28 31 62 
7   31 36 39 51 65 67 86 
7   30 54 67 69 75 78 89 
6   5 16 42 49 51 52 
6   6 29 48 57 60 87 
6   4 5 64 80 81 89 
8   12 15 30 40 49 79 84 85 
4   4 7 48 53 
5   14 18 72 75 84 
5   13 19 50 55 82 
6   7 23 40 45 78 89 
4   21 25 55 58 
5   15 16 19 20 68 
2   73 76 
3   34 48 88 
9   8 11 16 33 35 40 44 74 78 
3   10 34 58 
6   9 14 20 40 69 70 
7   5 40 58 68 76 80 92 
3   2 57 71 
4   20 41 60 61 
8   25 29 34 36 37 56 78 81 
3   39 59 60 
6   4 6 16 22 74 82 
4   3 14 57 66 
6   1 10 34 70 78 80 
8   13 29 46 57 62 76 78 82 
7   3 14 45 48 62 73 77 
4   1 59 72 90 
7   23 26 33 46 62 75 82 
4   22 25 67 85 
5   2 5 28 60 75 
3   20 22 78 
3   10 22 77 
2   26 85 
4   8 21 61 79 
5   11 28 30 68 71 
2   40 66 
4   23 38 43 45 
6   2 6 12 30 35 37 
6   12 41 47 60 66 74 
6   23 39 41 50 59 79 
4   39 54 64 73 
7   9 10 19 45 46 48 64 
2   7 67 
4   9 24 61 62 
3   20 71 79 
5   2 43 56 59 86 
5   20 21 49 63 78 
7   31 37 55 70 80 86 90 
6   8 16 21 36 81 87 
5   3 36 44 68 78 
10   1 2 38 55 65 72 81 88 89 91 
5   18 27 47 71 79 
7   5 32 46 61 74 82 89 
6   3 34 42 59 73 78 
5   11 21 27 48 50 
5   3 6 32 37 45 
3   46 52 92 
11   21 29 34 40 44 45 51 67 70 74 87 
7   12 25 54 60 65 72 89 
6   16 24 37 44 68 90 
7   5 24 40 69 71 85 89 
8   14 28 42 45 48 73 89 92 
1   13 
2   25 27 
9   4 10 15 25 49 53 81 87 89 
4   12 20 66 68 
7   11 12 15 23 69 78 85 
6   2 6 33 71 90 91 
10   2 21 24 29 71 73 79 81 82 85 
4   47 68 80 88 
4   5 14 71 88 
4   12 37 77 82 

   93
5   8 12 34 42 55 
5   7 13 24 29 53 
5   17 21 36 69 78 
9   15 27 32 33 34 36 59 65 75 
7   10 14 23 25 40 50 64 
6   10 24 41 48 65 80 
3   2 26 62 
4   1 27 33 67 
7   17 45 68 78 80 84 91 
12   5 6 12 20 21 39 52 74 77 83 84 91 
0   
10   1 10 16 24 48 54 58 63 69 79 
8   2 16 26 44 46 50 56 74 
7   5 22 72 73 79 80 86 
7   4 28 34 61 62 68 78 
7   12 13 26 28 65 67 75 
3   3 9 26 
1   86 
7   25 28 52 68 69 74 87 
4   10 24 26 33 
5   3 10 32 44 50 
5   14 29 35 43 69 
7   5 35 38 50 58 73 81 
6   2 6 12 20 56 88 
4   5 19 58 74 
6   7 13 16 17 20 69 
5   4 8 72 79 80 
9   15 16 19 32 34 36 65 74 90 
3   2 22 35 
3   48 56 61 
3   34 56 90 
7   4 21 28 52 66 76 81 
8   4 8 20 53 65 78 80 83 
6   1 4 15 28 31 73 
9   22 23 29 43 47 48 55 56 79 
5   3 4 28 80 83 
1   83 
1   23 
9   10 45 51 52 67 73 84 90 92 
6   5 57 58 60 66 82 
7   6 45 50 55 69 90 91 
4   1 52 54 76 
5   22 35 61 65 70 
5   13 21 49 57 66 
8   9 39 41 63 65 69 79 87 
3   13 61 83 
5   35 57 60 65 69 
8   6 12 30 35 53 64 86 89 
2   44 81 
9   5 13 21 23 41 61 64 69 83 
2   39 73 
6   10 19 32 39 42 63 
6   2 33 48 68 70 76 
3   12 42 88 
6   1 35 41 81 83 86 
7   13 24 30 31 35 58 93 
5   40 44 47 59 90 
7   12 23 25 40 56 65 72 
2   4 57 
4   40 47 73 75 
6   15 30 43 46 50 69 
3   7 15 66 
4   12 45 52 66 
5   5 48 50 67 76 
11   4 6 16 28 33 43 45 47 58 71 76 
6   32 40 44 62 63 77 
4   8 16 39 64 
5   9 15 19 53 78 
13   3 12 19 22 26 41 45 47 50 61 82 88 91 
2   43 53 
1   65 
5   14 27 58 89 93 
10   14 23 34 39 51 60 76 86 89 93 
5   10 13 19 25 28 
4   4 16 60 87 
6   32 42 53 64 65 73 
3   10 66 91 
6   3 9 15 33 68 83 
8   12 14 27 35 45 80 88 92 
9   6 9 14 27 33 36 79 87 93 
4   23 32 49 55 
2   40 69 
8   10 33 36 37 46 50 55 78 
3   9 10 39 
1   92 
6   14 18 48 55 73 89 
4   19 45 75 80 
4   24 54 69 79 
4   48 72 73 86 
5   28 31 39 41 57 
5   9 10 41 69 77 
3   39 79 85 
4   56 72 73 80 

   94
7   13 23 24 25 48 51 91 
5   23 36 66 74 75 
5   33 38 75 85 87 
5   23 27 29 31 73 
6   7 15 39 54 74 85 
6   8 33 36 47 65 75 
6   5 47 50 61 78 87 
8   6 41 45 63 71 73 91 94 
4   35 57 65 91 
1   68 
10   12 13 15 33 37 51 53 55 73 91 
3   11 18 68 
9   1 11 24 25 28 58 59 87 93 
3   31 56 68 
6   5 11 55 71 82 93 
4   35 51 68 70 
2   47 94 
3   12 41 86 
3   22 44 92 
4   78 86 90 94 
3   30 43 44 
3   19 78 92 
8   1 2 4 46 54 62 74 91 
4   1 13 39 84 
8   1 13 44 47 57 78 80 92 
7   34 62 63 64 69 73 86 
3   4 28 63 
8   13 27 30 32 52 56 61 80 
4   4 33 38 45 
5   21 28 48 54 57 
2   4 14 
7   28 43 47 55 61 66 81 
6   3 6 11 29 37 42 
10   26 36 37 46 49 55 67 72 79 85 
5   9 16 43 51 92 
7   2 6 34 57 63 73 90 
7   11 33 34 48 57 58 70 
5   3 29 68 73 80 
6   5 24 40 60 70 71 
1   39 
4   8 18 50 66 
7   33 52 56 72 76 85 94 
7   21 32 35 83 85 89 90 
8   19 21 25 60 64 71 89 92 
5   8 29 56 90 91 
7   23 34 51 56 57 81 87 
6   6 7 17 25 32 60 
4   1 30 37 54 
4   34 52 53 62 
7   7 41 52 54 62 90 94 
5   1 11 16 35 46 
7   28 42 49 50 69 73 81 
4   11 49 77 94 
10   5 23 30 48 50 58 66 68 88 92 
5   11 15 32 34 85 
7   14 28 42 45 46 77 84 
10   9 25 30 36 37 46 71 76 81 92 
5   13 37 54 82 87 
3   13 68 92 
7   39 44 47 67 75 92 93 
4   7 28 32 91 
5   23 26 49 50 83 
6   8 26 27 36 69 76 
3   26 44 76 
3   6 9 90 
8   2 32 41 54 69 77 84 92 
3   34 60 88 
7   10 12 14 16 38 54 59 
5   26 52 63 66 73 
5   16 37 39 81 89 
6   8 15 39 44 57 93 
4   34 42 74 89 
9   4 8 11 26 36 38 52 69 76 
7   2 5 23 72 80 86 93 
4   2 3 6 60 
6   42 57 63 64 73 86 
4   53 56 66 78 
6   7 20 22 25 77 79 
3   34 78 83 
9   25 28 38 74 81 85 90 91 93 
7   32 46 52 57 70 80 92 
2   15 58 
4   43 62 79 87 
5   24 56 66 86 91 
7   3 5 34 42 43 55 80 
6   18 20 26 74 76 84 
6   3 7 13 46 58 83 
2   54 67 
4   43 44 70 72 
7   20 36 43 45 50 65 80 
9   1 8 9 11 23 45 61 80 84 
11   19 22 25 35 44 54 57 59 60 66 81 
6   13 15 60 71 74 80 
6   8 17 20 42 50 53 

   95
2   5 78 
5   19 23 38 73 84 
7   19 21 43 63 65 78 79 
6   14 20 52 64 65 75 
9   1 10 28 33 42 62 65 67 75 
5   16 20 32 56 88 
7   19 26 31 41 46 51 86 
7   13 26 35 46 75 87 93 
2   42 58 
2   5 71 
0   
7   17 18 42 44 77 80 81 
6   8 34 66 68 71 79 
5   4 21 58 68 77 
8   16 19 50 56 62 80 83 94 
7   6 15 17 36 51 84 92 
6   12 16 39 51 56 73 
3   12 21 93 
9   2 3 7 15 30 34 41 75 92 
5   4 6 33 55 83 
9   3 14 18 22 29 35 39 67 85 
6   21 25 38 62 68 83 
5   2 25 28 33 54 
6   29 62 65 71 83 86 
4   22 23 66 88 
9   7 8 31 37 64 68 80 85 89 
3   46 77 82 
5   5 23 39 49 66 
5   21 24 42 47 79 
3   19 48 59 
5   7 26 42 75 76 
7   6 33 39 76 78 79 89 
7   5 20 23 32 37 69 72 
7   13 19 44 73 81 85 95 
9   8 21 41 53 66 70 78 93 94 
7   16 44 63 70 73 74 93 
5   26 33 57 74 93 
4   2 22 61 70 
7   17 21 28 32 54 70 72 
6   53 71 72 81 89 94 
7   7 19 35 45 66 87 91 
8   5 9 12 29 31 47 75 83 
7   3 50 63 73 75 81 91 
4   12 34 36 73 
3   41 64 87 
4   7 8 27 62 
3   29 42 58 
2   30 50 
2   28 52 
6   15 43 48 53 57 79 
7   7 16 17 62 74 76 89 
4   4 49 72 95 
6   35 40 50 65 67 79 
5   23 39 61 69 76 
3   20 58 81 
4   6 15 17 63 
4   37 50 61 81 
7   9 14 47 55 64 67 79 
4   30 82 83 88 
2   85 93 
5   38 54 57 64 83 
7   5 15 22 24 46 51 93 
7   3 36 43 56 69 82 84 
5   4 26 45 58 61 
6   3 4 5 24 53 88 
7   13 25 28 35 41 68 76 
5   5 21 53 58 82 
6   13 14 22 26 66 85 
4   33 54 63 94 
6   35 36 38 39 86 90 
4   10 13 24 40 
6   33 39 40 52 87 93 
9   2 17 34 36 43 44 76 82 89 
4   36 37 51 76 
8   4 5 8 19 31 42 43 89 
8   31 32 51 54 66 73 74 88 
4   12 14 27 80 
6   1 3 32 35 82 94 
7   3 13 29 32 50 53 58 
5   12 15 26 77 91 
7   12 34 40 43 55 57 95 
7   27 59 63 67 73 78 94 
8   15 20 22 24 42 59 61 85 
4   2 16 63 93 
6   21 26 34 60 68 83 
4   7 24 70 87 
5   8 41 45 72 86 
5   6 25 59 65 76 
7   26 32 40 51 73 75 90 
2   70 89 
3   41 43 80 
3   16 19 93 
10   8 18 35 36 37 60 62 72 84 92 
7   15 35 40 69 78 82 95 
4   34 52 81 94 

   96
3   40 48 58 
4   8 12 36 49 
8   5 19 20 34 43 67 95 96 
5   31 44 46 49 90 
3   3 23 27 
5   29 36 48 53 58 
2   36 62 
4   2 18 63 64 
6   21 25 40 54 78 83 
7   13 16 43 49 53 63 79 
5   18 43 71 85 87 
1   2 
3   10 44 81 
4   18 55 60 77 
3   26 58 61 
5   10 36 59 76 92 
6   62 63 66 71 74 78 
7   8 11 14 53 81 84 85 
5   3 69 89 94 96 
3   3 51 76 
4   9 53 81 88 
6   33 36 44 47 55 60 
3   5 27 65 
3   28 42 52 
7   9 28 37 62 77 91 95 
4   15 30 53 85 
4   5 23 56 95 
6   24 25 35 59 77 95 
3   6 38 53 
8   26 33 65 70 74 78 85 89 
7   4 38 40 55 62 76 93 
6   35 45 61 68 84 96 
4   22 30 50 87 
9   3 39 46 50 64 76 80 83 95 
5   28 32 42 44 75 
7   2 6 7 16 22 63 83 
7   25 63 75 84 87 88 93 
5   29 31 63 70 79 
7   34 43 53 54 57 81 83 
10   1 9 31 57 60 63 64 66 78 87 
4   48 54 57 76 
4   24 35 52 77 
7   3 10 11 39 64 86 89 
8   4 13 22 35 59 60 66 95 
3   32 56 93 
5   4 34 72 77 95 
5   22 58 61 91 93 
7   1 6 41 56 59 64 87 
6   2 4 10 57 67 77 
7   33 34 58 68 72 81 87 
4   20 55 81 87 
3   24 42 72 
9   6 10 18 21 26 29 39 69 70 
7   9 39 41 77 83 86 91 
6   14 22 31 51 79 80 
4   27 45 48 95 
7   39 40 41 49 62 64 82 
8   1 6 15 47 50 61 78 89 
5   16 28 44 48 95 
7   14 22 40 44 71 76 78 
4   15 32 47 58 
10   7 17 25 31 57 75 80 81 88 90 
8   8 10 17 36 37 38 40 92 
7   8 34 40 43 48 57 90 
7   23 30 70 73 82 90 94 
4   17 40 44 74 
3   3 49 91 
5   32 50 76 84 95 
3   19 53 90 
4   30 38 53 65 
5   11 17 60 78 96 
5   46 50 52 82 91 
2   65 83 
4   17 30 66 81 
5   35 37 62 82 91 
8   16 20 31 34 41 60 68 91 
8   14 25 28 42 46 49 54 93 
7   9 17 30 40 58 60 71 
5   10 38 55 87 92 
4   34 55 62 94 
9   13 18 21 39 50 51 62 74 86 
7   57 65 72 75 85 90 94 
6   9 34 36 39 54 73 
5   18 32 37 68 94 
5   11 18 26 30 82 
3   43 54 81 
8   11 33 37 40 48 50 51 79 
3   21 37 62 
5   19 30 43 58 90 
8   4 62 64 65 69 82 89 91 
9   25 47 54 67 72 75 76 90 93 
3   16 63 79 
6   31 37 45 47 77 91 
5   19 65 80 82 84 
10   3 25 27 28 34 44 46 56 59 68 
4   3 19 32 71 

   97
8   31 34 55 61 84 86 87 93 
5   25 26 32 48 62 
1   8 
4   18 31 37 84 
6   17 43 48 50 58 96 
4   10 20 32 81 
5   10 50 76 82 95 
7   3 15 39 40 65 84 95 
10   17 24 28 34 41 52 72 75 88 89 
4   6 7 11 77 
6   10 28 29 36 85 96 
3   77 78 90 
4   24 40 48 59 
3   46 85 89 
6   8 18 20 57 67 93 
4   31 37 62 63 
8   5 9 20 40 57 81 85 97 
6   4 15 52 89 91 96 
3   47 57 86 
12   6 15 17 25 30 40 63 64 70 76 87 96 
10   27 29 36 42 43 61 65 71 77 85 
2   38 62 
5   34 63 65 66 72 
4   9 13 29 68 
4   2 20 28 50 
6   2 36 48 66 71 86 
3   21 57 58 
4   9 11 25 34 
8   11 21 24 54 59 87 92 96 
6   20 34 53 72 77 97 
7   1 4 16 40 47 65 85 
5   2 6 44 69 77 
2   72 74 
5   1 9 23 28 30 
6   48 59 67 79 92 97 
6   11 21 26 46 79 93 
5   4 16 44 60 71 
3   22 48 84 
7   8 43 45 48 73 87 91 
10   8 13 17 20 31 65 75 85 92 96 
4   9 50 59 82 
3   21 44 56 
5   5 21 39 78 92 
7   32 37 42 47 65 77 86 
8   39 56 65 68 75 86 90 94 
8   14 36 60 61 72 84 89 90 
6   19 31 44 51 85 87 
12   2 5 13 26 35 38 39 64 77 78 88 92 
3   62 80 92 
6   5 7 25 41 75 93 
2   47 64 
5   9 18 67 77 86 
3   30 67 97 
5   29 63 85 92 97 
3   1 77 96 
8   42 45 71 72 73 87 91 94 
7   15 17 19 27 59 60 80 
4   5 27 76 93 
9   13 29 35 41 57 62 71 81 89 
4   37 46 57 81 
6   1 21 46 66 68 69 
9   2 16 22 49 59 70 85 93 95 
6   16 20 23 54 85 88 
4   20 48 51 79 
7   8 21 23 31 40 44 45 
5   23 26 61 80 97 
8   15 35 52 53 71 81 86 87 
4   24 45 61 83 
3   32 61 73 
3   20 62 92 
7   21 26 37 56 59 67 86 
8   9 23 30 33 46 56 78 86 
3   39 56 69 
1   33 
5   9 40 45 50 79 
4   7 20 58 90 
13   10 12 21 30 32 44 48 52 55 78 89 93 94 
5   12 43 48 72 77 
5   35 36 64 75 88 
3   49 57 66 
5   6 17 59 60 67 
4   7 41 84 94 
1   68 
6   1 4 8 38 46 82 
11   11 14 17 21 31 40 47 54 62 63 90 
10   1 19 26 44 45 52 67 71 72 92 
8   1 20 29 39 47 56 67 89 
4   9 48 63 79 
7   9 14 18 46 59 77 87 
5   12 45 46 76 85 
4   18 39 56 97 
10   29 35 40 43 48 49 54 70 86 93 
9   1 15 36 50 58 62 77 92 96 
4   45 56 77 82 
4   7 8 62 96 
9   5 11 18 20 29 40 55 93 95 
7   17 30 35 53 54 66 91 

   98
6   15 34 36 67 73 74 
6   15 23 41 48 59 89 
9   9 29 48 61 65 66 76 92 95 
7   48 51 56 59 63 65 85 
5   16 38 55 65 83 
7   22 25 35 52 53 83 91 
6   30 44 54 63 78 96 
8   12 42 45 75 87 89 91 96 
2   3 54 
1   69 
5   76 80 82 83 85 
5   8 13 37 43 82 
6   12 21 27 29 34 47 
2   34 93 
8   1 2 40 46 49 56 73 85 
8   5 31 47 62 67 76 77 82 
7   24 44 45 49 78 93 98 
2   32 49 
4   52 61 68 69 
3   66 89 95 
10   13 36 41 43 49 57 60 71 82 87 
7   6 26 29 30 31 52 69 
4   2 24 52 77 
3   17 23 87 
7   6 33 38 46 52 76 86 
6   22 39 54 78 87 95 
3   13 69 82 
6   36 42 46 62 71 91 
7   3 13 22 46 50 70 92 
5   7 22 43 75 87 
6   16 22 36 44 57 67 
5   18 39 55 73 88 
5   25 43 44 79 80 
8   1 13 14 38 48 53 73 79 
1   6 
9   1 21 28 31 48 58 82 84 86 
5   12 54 86 88 95 
5   5 25 34 46 58 
10   26 32 61 74 75 79 85 88 96 97 
4   15 51 73 87 
7   2 21 44 47 65 76 81 
5   8 28 53 69 91 
6   12 21 30 33 45 94 
6   7 17 31 33 41 87 
6   8 17 43 51 86 91 
9   15 25 28 29 38 54 56 68 82 
5   13 16 41 58 74 
10   2 3 4 34 36 52 53 71 85 89 
5   15 17 18 21 69 
6   29 64 79 81 83 90 
4   4 40 45 60 
8   6 19 22 23 25 48 79 85 
7   6 34 42 48 73 90 98 
6   7 9 26 37 46 88 
3   5 32 68 
6   4 15 46 81 96 97 
5   21 31 61 71 83 
4   36 38 47 89 
6   2 4 72 82 85 86 
5   21 51 68 87 97 
6   3 19 39 57 79 84 
4   16 28 65 95 
3   4 7 77 
5   50 75 81 86 95 
5   3 4 5 41 62 
4   3 20 77 97 
3   1 16 31 
5   19 46 55 60 81 
6   10 19 22 27 42 49 
3   29 92 97 
5   21 28 48 57 87 
4   59 79 83 96 
8   1 15 32 34 40 53 74 94 
5   1 39 47 73 77 
6   8 30 39 64 81 93 
7   3 11 16 25 41 87 97 
6   16 23 63 66 74 88 
5   7 17 26 81 90 
8   33 34 39 50 52 61 72 88 
3   11 33 85 
8   41 50 56 64 68 75 78 86 
9   11 12 16 21 27 36 46 59 95 
6   5 6 11 50 57 72 
3   36 61 89 
8   4 11 15 39 48 52 59 80 
7   25 36 37 45 59 64 81 
11   8 21 24 26 30 40 44 60 71 76 98 
7   32 37 39 54 77 79 91 
6   2 8 20 48 58 84 
3   50 53 78 
6   6 8 28 42 45 88 
3   3 29 70 
4   14 17 75 97 
2   43 73 
7   3 20 26 37 62 64 82 
5   7 8 39 56 72 
7   39 56 60 66 70 76 93 
3   17 53 87 

   99
3   7 18 35 
6   39 53 56 65 78 86 
4   38 44 64 93 
7   6 11 27 46 56 61 95 
10   11 18 19 37 47 49 76 91 94 99 
4   4 27 34 66 
8   1 23 69 70 71 74 91 94 
5   19 37 41 72 86 
7   11 33 36 37 42 72 98 
4   16 29 56 80 
9   4 5 9 12 27 59 63 77 96 
4   11 34 57 80 
6   25 35 45 46 88 95 
7   24 31 44 59 61 77 86 
7   26 37 41 42 52 55 58 
4   10 18 29 67 
8   22 29 31 36 48 67 74 88 
7   1 5 16 28 64 80 94 
6   5 8 38 60 72 82 
4   66 75 76 86 
1   77 
3   17 56 58 
6   7 29 73 79 94 97 
2   14 54 
6   13 30 48 72 82 93 
7   15 48 49 55 61 74 86 
5   4 6 11 47 62 
3   18 64 65 
7   10 16 17 23 30 63 75 
3   25 29 58 
8   14 17 44 59 70 80 91 98 
2   46 99 
3   9 88 90 
5   6 12 41 59 98 
5   1 13 57 77 79 
6   9 17 56 57 69 90 
6   5 8 9 15 64 68 
5   3 19 48 90 94 
2   2 46 
1   63 
9   8 15 34 44 51 58 65 75 94 
8   9 15 54 55 92 93 94 95 
8   47 48 57 67 74 79 89 92 
9   3 14 31 41 46 51 77 87 95 
6   13 71 73 74 82 88 
10   4 13 32 39 44 56 57 83 90 95 
8   5 27 43 49 73 84 85 96 
6   17 25 26 38 43 61 
4   5 26 47 50 
6   49 57 73 79 81 91 
5   41 44 55 81 93 
4   15 94 95 96 
5   2 61 69 78 89 
3   24 42 99 
8   15 26 42 51 58 64 74 77 
8   2 4 10 22 36 46 73 90 
9   12 35 36 43 46 50 74 91 95 
6   15 22 30 41 55 93 
5   11 14 31 34 82 
6   19 66 67 84 91 98 
7   4 14 26 48 53 94 96 
4   27 67 88 98 
4   11 29 40 95 
9   3 18 28 37 55 67 77 94 98 
4   2 28 41 82 
4   6 20 60 78 
8   16 17 43 60 62 64 69 94 
4   37 74 79 87 
8   7 36 53 67 72 79 81 89 
5   7 31 77 80 84 
4   7 45 87 99 
10   8 9 19 25 69 74 78 86 88 99 
6   23 45 47 50 56 76 
9   7 17 26 43 45 55 57 68 72 
3   20 29 41 
7   5 20 73 78 89 97 99 
9   11 14 21 35 44 55 64 70 81 
7   2 53 66 72 76 94 99 
6   23 35 43 50 68 69 
7   10 12 18 31 70 82 94 
5   50 51 69 77 98 
7   19 25 45 59 65 80 84 
1   46 
4   47 60 70 82 
2   47 97 
8   2 8 14 20 26 72 87 98 
4   44 68 71 86 
7   13 17 33 45 62 72 93 
5   43 53 69 76 95 
5   33 36 38 46 56 
6   5 7 31 50 57 60 
2   42 43 
7   3 25 42 51 58 88 99 
13   5 7 18 23 38 41 42 52 61 64 67 78 80 
9   4 13 42 44 46 52 57 63 89 
4   11 47 52 61 
3   23 76 85 
8   9 31 34 60 62 64 81 86 
8   5 32 54 71 72 76 78 93 

   100
3   40 52 93 
2   54 84 
6   18 34 42 58 59 76 
2   57 89 
5   33 47 73 75 95 
4   12 18 20 92 
6   8 43 60 81 87 90 
7   7 21 39 42 46 62 72 
8   15 17 25 39 40 79 91 98 
6   14 38 43 63 71 90 
4   36 46 65 93 
3   6 70 71 
4   14 24 56 63 
12   10 13 27 49 62 73 83 87 91 95 97 98 
7   9 25 39 44 67 79 80 
4   46 47 51 87 
7   9 21 40 52 67 70 94 
8   3 6 22 24 48 63 67 96 
5   25 37 54 57 82 
7   6 35 47 56 64 70 73 
7   8 17 32 42 62 71 77 
4   18 26 27 37 
3   41 44 68 
3   13 18 31 
6   9 15 19 60 66 76 
4   22 69 80 86 
10   14 22 34 36 68 69 78 94 97 99 
4   46 79 89 95 
2   77 97 
3   58 64 83 
8   24 42 43 65 78 80 83 94 
7   21 42 55 66 94 99 100 
2   5 94 
9   3 27 38 41 47 53 63 73 94 
4   20 53 58 59 
4   11 27 49 62 
3   19 22 61 
4   10 34 61 72 
8   8 9 15 60 72 81 93 100 
7   1 9 17 61 70 73 78 
6   23 34 45 47 93 97 
8   3 8 21 31 32 50 83 91 
6   7 10 31 52 73 92 
4   15 23 54 97 
5   41 48 61 71 93 
10   8 11 16 28 47 56 57 59 66 77 
9   5 16 20 34 41 46 52 57 91 
6   18 45 55 77 78 87 
6   14 36 50 64 77 95 
4   42 49 68 69 
6   16 54 73 80 85 99 
10   1 17 43 47 57 58 65 69 85 89 
7   34 35 55 60 65 66 81 
7   2 19 44 51 76 77 91 
4   32 48 53 56 
6   13 20 46 55 71 77 
10   4 19 46 47 52 65 77 81 84 85 
9   3 30 35 52 67 73 90 96 98 
6   3 35 46 62 76 92 
6   7 25 39 53 63 85 
8   37 38 40 45 67 70 93 97 
9   8 14 21 36 59 76 86 95 98 
9   10 13 18 34 60 70 78 85 90 
5   20 30 49 85 99 
7   11 31 52 53 57 77 87 
5   25 32 46 53 95 
7   15 17 18 58 61 72 82 
4   23 27 50 72 
5   26 27 50 52 85 
7   12 17 20 40 61 63 87 
7   10 12 21 45 56 93 97 
7   8 38 39 67 68 92 97 
9   5 14 20 34 40 43 51 58 90 
1   89 
3   5 82 99 
5   3 25 54 59 62 
10   21 29 46 48 49 54 56 57 65 86 
6   27 31 40 48 63 87 
4   9 15 28 80 
8   15 26 31 51 79 83 95 100 
5   7 39 53 57 97 
4   19 67 75 85 
7   14 30 31 42 80 86 100 
2   2 57 
8   51 52 57 60 63 64 69 82 
4   26 62 77 83 
8   7 14 16 48 65 70 78 90 
0   
4   4 28 52 74 
6   7 10 58 63 73 87 
6   9 14 42 47 54 100 
5   6 43 59 72 97 
7   1 11 39 41 45 61 71 
7   17 27 31 32 33 34 96 
7   5 14 28 49 62 66 80 
3   18 58 94 
10   14 27 29 41 44 61 71 72 81 92 
4   9 14 58 62 
5   27 32 51 64 75 
5   32 39 80 83 91 

-1
