   2
1   2 
1   1 

   3
1   2 
1   1 
0   

   4
0   
0   
1   4 
1   3 

   5
0   
0   
0   
1   5 
1   4 

   6
0   
0   
0   
1   6 
0   
1   4 

   7
0   
0   
0   
0   
1   6 
1   5 
0   

   8
0   
0   
1   5 
0   
1   3 
0   
0   
0   

   9
1   7 
0   
1   9 
0   
0   
0   
1   1 
0   
1   3 

   10
0   
1   7 
0   
1   7 
0   
0   
2   2 4 
0   
0   
0   

   11
1   4 
0   
1   6 
1   1 
0   
1   3 
0   
0   
0   
0   
0   

   12
1   3 
0   
1   1 
0   
0   
1   12 
0   
0   
0   
0   
0   
1   6 

   13
1   9 
1   5 
0   
0   
2   2 12 
0   
0   
0   
1   1 
0   
0   
1   5 
0   

   14
1   9 
0   
0   
1   7 
0   
0   
1   4 
0   
1   1 
0   
0   
1   13 
1   12 
0   

   15
0   
2   4 13 
0   
1   2 
0   
1   9 
0   
0   
1   6 
0   
0   
0   
1   2 
1   15 
1   14 

   16
2   6 13 
0   
1   15 
0   
0   
1   1 
0   
0   
0   
0   
0   
0   
1   1 
1   16 
1   3 
1   14 

   17
1   12 
0   
1   17 
0   
1   15 
0   
0   
1   12 
1   16 
0   
0   
2   1 8 
0   
0   
1   5 
1   9 
1   3 

   18
1   18 
1   9 
1   10 
0   
0   
2   10 12 
0   
0   
1   2 
2   3 6 
0   
1   6 
0   
0   
0   
0   
0   
1   1 

   19
2   18 19 
0   
1   14 
1   13 
0   
0   
0   
0   
0   
0   
0   
0   
2   4 15 
1   3 
1   13 
1   17 
1   16 
1   1 
1   1 

   20
0   
0   
1   7 
1   12 
0   
1   18 
1   3 
0   
1   18 
1   18 
0   
1   4 
0   
0   
0   
1   20 
0   
3   6 9 10 
0   
1   16 

   21
1   8 
0   
2   7 18 
0   
0   
0   
1   3 
1   1 
0   
0   
2   15 19 
0   
0   
0   
1   11 
0   
0   
1   3 
2   11 21 
0   
1   19 

   22
1   9 
0   
1   15 
0   
0   
2   11 17 
0   
0   
1   1 
1   18 
2   6 14 
1   18 
0   
1   11 
1   3 
0   
1   6 
2   10 12 
0   
0   
0   
0   

   23
0   
3   5 12 17 
1   16 
0   
3   2 18 20 
1   10 
0   
0   
0   
2   6 11 
1   10 
1   2 
0   
0   
0   
1   3 
1   2 
1   5 
0   
1   5 
0   
0   
0   

   24
1   4 
0   
0   
2   1 18 
1   23 
1   13 
1   11 
0   
2   10 24 
1   9 
2   7 20 
0   
1   6 
0   
0   
1   23 
0   
1   4 
0   
1   11 
0   
0   
2   5 16 
1   9 

   25
1   15 
0   
0   
1   14 
1   17 
0   
1   15 
0   
1   20 
0   
0   
1   15 
0   
2   4 16 
3   1 7 12 
1   14 
2   5 23 
0   
0   
1   9 
0   
1   25 
1   17 
0   
1   22 

   26
1   4 
4   4 10 14 17 
0   
3   1 2 18 
0   
0   
1   18 
0   
0   
2   2 19 
0   
0   
0   
2   2 21 
0   
0   
2   2 21 
2   4 7 
1   10 
0   
2   14 17 
0   
0   
0   
0   
0   

   27
2   17 23 
0   
1   9 
0   
1   6 
2   5 21 
1   8 
1   7 
2   3 25 
0   
1   13 
0   
3   11 16 27 
0   
0   
1   13 
1   1 
0   
0   
1   25 
1   6 
0   
1   1 
0   
2   9 20 
0   
1   13 

   28
1   8 
0   
1   12 
0   
0   
1   27 
2   22 25 
2   1 12 
0   
1   15 
0   
3   3 8 20 
0   
0   
3   10 18 24 
1   18 
0   
2   15 16 
0   
2   12 27 
0   
1   7 
0   
1   15 
1   7 
0   
2   6 20 
0   

   29
0   
0   
0   
2   12 24 
0   
2   8 12 
2   12 26 
1   6 
1   18 
1   19 
2   12 21 
4   4 6 7 11 
0   
1   28 
0   
0   
1   22 
1   9 
1   10 
1   29 
1   11 
1   17 
0   
1   4 
0   
1   7 
0   
1   14 
1   20 

   30
3   8 11 28 
1   26 
0   
0   
0   
0   
2   17 29 
2   1 18 
0   
0   
1   1 
1   27 
0   
0   
0   
3   20 21 26 
1   7 
1   8 
0   
2   16 26 
1   16 
0   
0   
0   
0   
3   2 16 20 
1   12 
2   1 29 
2   7 28 
0   

   31
0   
2   4 12 
0   
2   2 27 
0   
2   11 29 
0   
0   
0   
2   12 21 
2   6 30 
4   2 10 16 31 
2   14 31 
1   13 
0   
1   12 
0   
0   
0   
0   
2   10 22 
1   21 
0   
0   
0   
0   
1   4 
0   
1   6 
1   11 
2   12 13 

   32
0   
0   
0   
1   23 
1   19 
0   
2   8 17 
2   7 28 
2   10 18 
1   9 
3   17 21 29 
0   
0   
1   24 
0   
0   
2   7 11 
2   9 24 
1   5 
0   
1   11 
0   
2   4 32 
2   14 18 
1   28 
0   
0   
2   8 25 
2   11 32 
0   
0   
2   23 29 

   33
1   32 
0   
2   8 26 
1   7 
2   19 27 
1   29 
2   4 31 
1   3 
1   15 
0   
0   
0   
1   14 
1   13 
2   9 28 
1   31 
0   
1   32 
2   5 21 
0   
2   19 33 
0   
1   31 
0   
0   
1   3 
1   5 
1   15 
1   6 
0   
3   7 16 23 
2   1 18 
1   21 

   34
0   
2   5 20 
0   
2   5 34 
4   2 4 11 16 
0   
1   29 
1   19 
0   
0   
1   5 
0   
2   15 19 
0   
3   13 26 27 
1   5 
0   
0   
3   8 13 20 
3   2 19 31 
0   
0   
0   
1   29 
0   
2   15 28 
1   15 
1   26 
2   7 24 
0   
1   20 
0   
0   
1   4 

   35
1   29 
0   
2   8 17 
2   12 13 
0   
1   35 
2   16 25 
1   3 
0   
1   26 
1   14 
2   4 16 
2   4 20 
4   11 17 27 34 
0   
4   7 12 24 33 
2   3 14 
0   
0   
2   13 33 
0   
0   
0   
1   16 
1   7 
1   10 
1   14 
0   
1   1 
0   
0   
0   
2   16 20 
1   14 
1   6 

   36
1   12 
1   35 
2   20 23 
0   
1   26 
0   
1   17 
1   34 
0   
0   
1   16 
1   1 
1   30 
2   17 22 
0   
1   11 
2   7 14 
0   
0   
1   3 
1   32 
1   14 
1   3 
0   
0   
2   5 36 
0   
2   30 35 
1   35 
2   13 28 
1   34 
2   21 34 
0   
4   8 31 32 35 
4   2 28 29 34 
1   26 

   37
1   26 
2   3 13 
2   2 23 
0   
3   7 26 34 
2   18 32 
2   5 26 
0   
1   11 
0   
1   9 
0   
1   2 
0   
4   19 22 24 32 
0   
1   26 
1   6 
1   15 
0   
0   
1   15 
2   3 33 
2   15 27 
1   31 
5   1 5 7 17 32 
1   24 
0   
0   
0   
1   25 
3   6 15 26 
1   23 
1   5 
0   
0   
0   

   38
0   
0   
0   
2   12 37 
0   
0   
1   26 
0   
1   38 
2   14 22 
0   
2   4 21 
1   36 
1   10 
1   33 
2   37 38 
1   35 
0   
0   
2   24 31 
2   12 38 
1   10 
0   
1   20 
1   32 
1   7 
0   
0   
1   32 
1   37 
3   20 34 35 
2   25 29 
1   15 
3   31 35 37 
3   17 31 34 
1   13 
4   4 16 30 34 
3   9 16 21 

   39
1   17 
1   26 
1   7 
4   14 25 32 35 
1   28 
0   
2   3 23 
2   22 33 
0   
0   
0   
0   
0   
1   4 
0   
0   
1   1 
2   22 25 
1   33 
0   
1   34 
4   8 18 23 31 
2   7 22 
1   33 
2   4 18 
1   2 
1   39 
2   5 38 
0   
1   34 
1   22 
1   4 
3   8 19 24 
2   21 30 
2   4 36 
1   35 
0   
1   28 
1   27 

   40
1   16 
5   12 14 16 17 26 
2   23 40 
2   21 27 
0   
0   
1   8 
3   7 22 40 
1   21 
0   
0   
4   2 28 29 32 
0   
1   2 
1   19 
5   1 2 22 31 35 
2   2 39 
0   
2   15 28 
0   
2   4 9 
2   8 16 
1   3 
0   
0   
1   2 
1   4 
2   12 19 
1   12 
1   39 
1   16 
1   12 
0   
0   
1   16 
0   
0   
0   
2   17 30 
2   3 8 

   41
0   
1   31 
1   41 
1   34 
2   25 36 
1   23 
0   
0   
0   
2   11 15 
1   10 
1   34 
0   
2   25 39 
2   10 38 
3   21 23 31 
1   31 
0   
0   
0   
2   16 41 
0   
3   6 16 24 
2   23 29 
3   5 14 37 
2   34 36 
1   36 
0   
2   24 37 
1   38 
3   2 16 17 
0   
0   
3   4 12 26 
0   
3   5 26 27 
2   25 29 
2   15 30 
1   14 
0   
2   3 21 

   42
2   18 25 
0   
0   
1   38 
1   32 
3   18 22 38 
1   36 
1   20 
2   31 36 
0   
0   
0   
1   30 
1   38 
2   35 39 
0   
0   
2   1 6 
0   
1   8 
0   
2   6 32 
0   
1   38 
3   1 34 37 
1   28 
0   
2   26 37 
0   
2   13 32 
2   9 39 
3   5 22 30 
0   
1   25 
1   15 
3   7 9 42 
2   25 28 
4   4 6 14 24 
2   15 31 
1   42 
0   
2   36 40 

   43
1   24 
1   26 
0   
1   12 
1   16 
0   
1   40 
1   28 
0   
0   
1   20 
4   4 22 35 40 
2   15 30 
1   36 
2   13 37 
2   5 39 
0   
0   
1   37 
2   11 43 
0   
2   12 39 
0   
2   1 33 
1   42 
2   2 32 
1   29 
1   8 
2   27 37 
1   13 
0   
3   26 34 41 
1   24 
2   32 39 
1   12 
1   14 
3   15 19 29 
0   
3   16 22 34 
2   7 12 
1   32 
1   25 
1   20 

   44
3   19 37 40 
2   10 24 
2   18 34 
0   
1   17 
4   11 17 25 26 
1   28 
0   
0   
2   2 41 
1   6 
2   18 43 
2   34 38 
0   
0   
0   
4   5 6 25 34 
2   3 12 
1   1 
0   
1   40 
0   
0   
1   2 
4   6 17 27 43 
3   6 30 39 
1   25 
1   7 
0   
1   26 
0   
0   
1   36 
4   3 13 17 37 
0   
1   33 
2   1 34 
1   13 
1   26 
3   1 21 44 
1   10 
0   
2   12 25 
1   40 

   45
3   29 39 40 
1   8 
1   7 
0   
1   31 
1   23 
3   3 11 36 
2   2 17 
0   
1   28 
4   7 16 32 34 
0   
0   
2   28 35 
0   
1   11 
1   8 
0   
1   20 
3   19 24 33 
0   
1   36 
4   6 31 42 45 
1   20 
2   28 41 
0   
0   
3   10 14 25 
2   1 30 
1   29 
3   5 23 37 
2   11 40 
1   20 
1   11 
2   14 38 
2   7 22 
1   31 
1   35 
1   1 
2   1 32 
1   25 
1   23 
0   
0   
1   23 

   46
0   
0   
2   26 29 
1   20 
2   33 45 
2   42 44 
1   16 
1   14 
3   21 39 46 
0   
1   21 
1   27 
2   22 36 
2   8 15 
2   14 41 
2   7 45 
1   28 
0   
1   40 
3   4 36 46 
3   9 11 38 
1   13 
1   40 
0   
1   36 
1   3 
1   12 
1   17 
1   3 
0   
0   
2   33 37 
2   5 32 
2   40 45 
0   
3   13 20 25 
1   32 
2   21 40 
1   9 
4   19 23 34 38 
1   15 
2   6 46 
0   
1   6 
3   5 16 34 
3   9 20 42 

   47
3   17 39 41 
2   38 40 
1   36 
1   5 
2   4 21 
0   
0   
1   13 
3   12 35 42 
0   
1   19 
3   9 37 45 
4   8 40 45 46 
0   
1   47 
1   33 
1   1 
0   
1   11 
3   37 38 41 
2   5 34 
1   38 
0   
0   
2   29 34 
0   
0   
1   36 
1   25 
1   40 
0   
1   47 
1   16 
4   21 25 36 44 
1   9 
3   3 28 34 
2   12 20 
3   2 20 22 
1   1 
3   2 13 30 
2   1 20 
1   9 
0   
2   34 45 
3   12 13 44 
1   13 
2   15 32 

   48
1   46 
2   33 42 
0   
1   34 
1   17 
0   
0   
0   
1   29 
2   34 35 
0   
2   21 30 
1   24 
3   20 39 43 
2   33 37 
0   
2   5 28 
3   24 30 47 
3   22 46 47 
1   14 
1   12 
2   19 24 
1   29 
3   13 18 22 
1   33 
2   35 39 
1   39 
1   17 
2   9 23 
4   12 18 39 48 
0   
1   36 
3   2 15 25 
2   4 10 
2   10 26 
1   32 
1   15 
0   
4   14 26 27 30 
1   44 
0   
1   2 
1   14 
2   40 47 
0   
2   1 19 
3   18 19 44 
1   30 

   49
1   15 
2   45 48 
1   13 
3   17 39 44 
5   17 27 29 30 32 
3   37 38 40 
1   48 
1   22 
0   
0   
2   27 35 
1   14 
3   3 32 38 
2   12 38 
2   1 33 
1   17 
4   4 5 16 20 
0   
0   
2   17 45 
0   
1   8 
2   26 37 
0   
0   
2   23 27 
3   5 11 26 
0   
1   5 
1   5 
0   
2   5 13 
1   15 
2   37 42 
1   11 
0   
4   6 23 34 47 
3   6 13 14 
1   4 
1   6 
0   
2   34 45 
0   
2   4 46 
3   2 20 42 
1   44 
1   37 
2   2 7 
0   

   50
0   
1   34 
1   44 
2   9 23 
2   14 20 
1   31 
0   
0   
1   4 
2   20 36 
0   
2   17 35 
3   24 30 42 
2   5 49 
3   29 34 49 
0   
2   12 22 
0   
1   44 
5   5 10 28 36 50 
1   22 
2   17 21 
1   4 
1   13 
1   30 
0   
1   38 
1   20 
4   15 34 43 50 
2   13 25 
2   6 44 
1   48 
0   
3   2 15 29 
3   12 41 46 
3   10 20 41 
0   
1   27 
0   
0   
2   35 36 
1   13 
1   29 
4   3 19 31 48 
0   
1   35 
0   
2   32 44 
2   14 15 
2   20 29 

-1
