   2
1   2 
1   1 

   3
2   2 3
2   1 3
2   1 2

   4
0   
0   
1   4 
1   3 

   5
0   
0   
0   
1   5 
1   4 

   6
0   
0   
0   
1   6 
0   
1   4 

   7
0   
0   
0   
0   
1   6 
1   5 
0   

   8
0   
0   
1   5 
0   
1   3 
0   
0   
0   

   9
1   7 
0   
1   9 
0   
0   
0   
1   1 
0   
1   3 

   10
0   
1   7 
0   
1   7 
0   
0   
2   2 4 
0   
0   
0   

   11
1   4 
0   
1   6 
1   1 
0   
1   3 
0   
0   
0   
0   
0   

   12
1   3 
0   
1   1 
0   
0   
1   12 
0   
0   
0   
0   
0   
1   6 

   13
1   9 
1   5 
0   
0   
2   2 12 
0   
0   
0   
1   1 
0   
0   
1   5 
0   

   14
1   9 
0   
0   
1   7 
0   
0   
1   4 
0   
1   1 
0   
0   
1   13 
1   12 
0   

   15
0   
2   4 13 
0   
1   2 
0   
1   9 
0   
0   
1   6 
0   
0   
0   
1   2 
1   15 
1   14 

   16
2   6 13 
0   
1   15 
0   
0   
1   1 
0   
0   
0   
0   
0   
0   
1   1 
1   16 
1   3 
1   14 

   17
1   12 
0   
1   17 
0   
1   15 
0   
0   
1   12 
1   16 
0   
0   
2   1 8 
0   
0   
1   5 
1   9 
1   3 

   18
1   18 
1   9 
1   10 
0   
0   
2   10 12 
0   
0   
1   2 
2   3 6 
0   
1   6 
0   
0   
0   
0   
0   
1   1 

   19
2   18 19 
0   
1   14 
1   13 
0   
0   
0   
0   
0   
0   
0   
0   
2   4 15 
1   3 
1   13 
1   17 
1   16 
1   1 
1   1 

   20
0   
0   
1   7 
1   12 
0   
1   18 
1   3 
0   
1   18 
1   18 
0   
1   4 
0   
0   
0   
1   20 
0   
3   6 9 10 
0   
1   16 

   21
1   8 
0   
2   7 18 
0   
0   
0   
1   3 
1   1 
0   
0   
2   15 19 
0   
0   
0   
1   11 
0   
0   
1   3 
2   11 21 
0   
1   19 

   22
1   9 
0   
1   15 
0   
0   
2   11 17 
0   
0   
1   1 
1   18 
2   6 14 
1   18 
0   
1   11 
1   3 
0   
1   6 
2   10 12 
0   
0   
0   
0   

   23
0   
3   5 12 17 
1   16 
0   
3   2 18 20 
1   10 
0   
0   
0   
2   6 11 
1   10 
1   2 
0   
0   
0   
1   3 
1   2 
1   5 
0   
1   5 
0   
0   
0   

   24
1   4 
0   
0   
2   1 18 
1   23 
1   13 
1   11 
0   
2   10 24 
1   9 
2   7 20 
0   
1   6 
0   
0   
1   23 
0   
1   4 
0   
1   11 
0   
0   
2   5 16 
1   9 

   25
1   15 
0   
0   
1   14 
1   17 
0   
1   15 
0   
1   20 
0   
0   
1   15 
0   
2   4 16 
3   1 7 12 
1   14 
2   5 23 
0   
0   
1   9 
0   
1   25 
1   17 
0   
1   22 

   26
1   4 
4   4 10 14 17 
0   
3   1 2 18 
0   
0   
1   18 
0   
0   
2   2 19 
0   
0   
0   
2   2 21 
0   
0   
2   2 21 
2   4 7 
1   10 
0   
2   14 17 
0   
0   
0   
0   
0   

   27
2   17 23 
0   
1   9 
0   
1   6 
2   5 21 
1   8 
1   7 
2   3 25 
0   
1   13 
0   
3   11 16 27 
0   
0   
1   13 
1   1 
0   
0   
1   25 
1   6 
0   
1   1 
0   
2   9 20 
0   
1   13 

   28
1   8 
0   
1   12 
0   
0   
1   27 
2   22 25 
2   1 12 
0   
1   15 
0   
3   3 8 20 
0   
0   
3   10 18 24 
1   18 
0   
2   15 16 
0   
2   12 27 
0   
1   7 
0   
1   15 
1   7 
0   
2   6 20 
0   

   29
0   
0   
0   
2   12 24 
0   
2   8 12 
2   12 26 
1   6 
1   18 
1   19 
2   12 21 
4   4 6 7 11 
0   
1   28 
0   
0   
1   22 
1   9 
1   10 
1   29 
1   11 
1   17 
0   
1   4 
0   
1   7 
0   
1   14 
1   20 

   30
3   8 11 28 
1   26 
0   
0   
0   
0   
2   17 29 
2   1 18 
0   
0   
1   1 
1   27 
0   
0   
0   
3   20 21 26 
1   7 
1   8 
0   
2   16 26 
1   16 
0   
0   
0   
0   
3   2 16 20 
1   12 
2   1 29 
2   7 28 
0   

   31
0   
2   4 12 
0   
2   2 27 
0   
2   11 29 
0   
0   
0   
2   12 21 
2   6 30 
4   2 10 16 31 
2   14 31 
1   13 
0   
1   12 
0   
0   
0   
0   
2   10 22 
1   21 
0   
0   
0   
0   
1   4 
0   
1   6 
1   11 
2   12 13 

   32
0   
0   
0   
1   23 
1   19 
0   
2   8 17 
2   7 28 
2   10 18 
1   9 
3   17 21 29 
0   
0   
1   24 
0   
0   
2   7 11 
2   9 24 
1   5 
0   
1   11 
0   
2   4 32 
2   14 18 
1   28 
0   
0   
2   8 25 
2   11 32 
0   
0   
2   23 29 

   33
1   32 
0   
2   8 26 
1   7 
2   19 27 
1   29 
2   4 31 
1   3 
1   15 
0   
0   
0   
1   14 
1   13 
2   9 28 
1   31 
0   
1   32 
2   5 21 
0   
2   19 33 
0   
1   31 
0   
0   
1   3 
1   5 
1   15 
1   6 
0   
3   7 16 23 
2   1 18 
1   21 

   34
0   
2   5 20 
0   
2   5 34 
4   2 4 11 16 
0   
1   29 
1   19 
0   
0   
1   5 
0   
2   15 19 
0   
3   13 26 27 
1   5 
0   
0   
3   8 13 20 
3   2 19 31 
0   
0   
0   
1   29 
0   
2   15 28 
1   15 
1   26 
2   7 24 
0   
1   20 
0   
0   
1   4 

   35
1   29 
0   
2   8 17 
2   12 13 
0   
1   35 
2   16 25 
1   3 
0   
1   26 
1   14 
2   4 16 
2   4 20 
4   11 17 27 34 
0   
4   7 12 24 33 
2   3 14 
0   
0   
2   13 33 
0   
0   
0   
1   16 
1   7 
1   10 
1   14 
0   
1   1 
0   
0   
0   
2   16 20 
1   14 
1   6 

   36
1   12 
1   35 
2   20 23 
0   
1   26 
0   
1   17 
1   34 
0   
0   
1   16 
1   1 
1   30 
2   17 22 
0   
1   11 
2   7 14 
0   
0   
1   3 
1   32 
1   14 
1   3 
0   
0   
2   5 36 
0   
2   30 35 
1   35 
2   13 28 
1   34 
2   21 34 
0   
4   8 31 32 35 
4   2 28 29 34 
1   26 

   37
1   26 
2   3 13 
2   2 23 
0   
3   7 26 34 
2   18 32 
2   5 26 
0   
1   11 
0   
1   9 
0   
1   2 
0   
4   19 22 24 32 
0   
1   26 
1   6 
1   15 
0   
0   
1   15 
2   3 33 
2   15 27 
1   31 
5   1 5 7 17 32 
1   24 
0   
0   
0   
1   25 
3   6 15 26 
1   23 
1   5 
0   
0   
0   

   38
0   
0   
0   
2   12 37 
0   
0   
1   26 
0   
1   38 
2   14 22 
0   
2   4 21 
1   36 
1   10 
1   33 
2   37 38 
1   35 
0   
0   
2   24 31 
2   12 38 
1   10 
0   
1   20 
1   32 
1   7 
0   
0   
1   32 
1   37 
3   20 34 35 
2   25 29 
1   15 
3   31 35 37 
3   17 31 34 
1   13 
4   4 16 30 34 
3   9 16 21 

   39
1   17 
1   26 
1   7 
4   14 25 32 35 
1   28 
0   
2   3 23 
2   22 33 
0   
0   
0   
0   
0   
1   4 
0   
0   
1   1 
2   22 25 
1   33 
0   
1   34 
4   8 18 23 31 
2   7 22 
1   33 
2   4 18 
1   2 
1   39 
2   5 38 
0   
1   34 
1   22 
1   4 
3   8 19 24 
2   21 30 
2   4 36 
1   35 
0   
1   28 
1   27 

   40
1   16 
5   12 14 16 17 26 
2   23 40 
2   21 27 
0   
0   
1   8 
3   7 22 40 
1   21 
0   
0   
4   2 28 29 32 
0   
1   2 
1   19 
5   1 2 22 31 35 
2   2 39 
0   
2   15 28 
0   
2   4 9 
2   8 16 
1   3 
0   
0   
1   2 
1   4 
2   12 19 
1   12 
1   39 
1   16 
1   12 
0   
0   
1   16 
0   
0   
0   
2   17 30 
2   3 8 

   41
0   
1   31 
1   41 
1   34 
2   25 36 
1   23 
0   
0   
0   
2   11 15 
1   10 
1   34 
0   
2   25 39 
2   10 38 
3   21 23 31 
1   31 
0   
0   
0   
2   16 41 
0   
3   6 16 24 
2   23 29 
3   5 14 37 
2   34 36 
1   36 
0   
2   24 37 
1   38 
3   2 16 17 
0   
0   
3   4 12 26 
0   
3   5 26 27 
2   25 29 
2   15 30 
1   14 
0   
2   3 21 

   42
2   18 25 
0   
0   
1   38 
1   32 
3   18 22 38 
1   36 
1   20 
2   31 36 
0   
0   
0   
1   30 
1   38 
2   35 39 
0   
0   
2   1 6 
0   
1   8 
0   
2   6 32 
0   
1   38 
3   1 34 37 
1   28 
0   
2   26 37 
0   
2   13 32 
2   9 39 
3   5 22 30 
0   
1   25 
1   15 
3   7 9 42 
2   25 28 
4   4 6 14 24 
2   15 31 
1   42 
0   
2   36 40 

   43
1   24 
1   26 
0   
1   12 
1   16 
0   
1   40 
1   28 
0   
0   
1   20 
4   4 22 35 40 
2   15 30 
1   36 
2   13 37 
2   5 39 
0   
0   
1   37 
2   11 43 
0   
2   12 39 
0   
2   1 33 
1   42 
2   2 32 
1   29 
1   8 
2   27 37 
1   13 
0   
3   26 34 41 
1   24 
2   32 39 
1   12 
1   14 
3   15 19 29 
0   
3   16 22 34 
2   7 12 
1   32 
1   25 
1   20 

   44
3   19 37 40 
2   10 24 
2   18 34 
0   
1   17 
4   11 17 25 26 
1   28 
0   
0   
2   2 41 
1   6 
2   18 43 
2   34 38 
0   
0   
0   
4   5 6 25 34 
2   3 12 
1   1 
0   
1   40 
0   
0   
1   2 
4   6 17 27 43 
3   6 30 39 
1   25 
1   7 
0   
1   26 
0   
0   
1   36 
4   3 13 17 37 
0   
1   33 
2   1 34 
1   13 
1   26 
3   1 21 44 
1   10 
0   
2   12 25 
1   40 

   45
3   29 39 40 
1   8 
1   7 
0   
1   31 
1   23 
3   3 11 36 
2   2 17 
0   
1   28 
4   7 16 32 34 
0   
0   
2   28 35 
0   
1   11 
1   8 
0   
1   20 
3   19 24 33 
0   
1   36 
4   6 31 42 45 
1   20 
2   28 41 
0   
0   
3   10 14 25 
2   1 30 
1   29 
3   5 23 37 
2   11 40 
1   20 
1   11 
2   14 38 
2   7 22 
1   31 
1   35 
1   1 
2   1 32 
1   25 
1   23 
0   
0   
1   23 

   46
0   
0   
2   26 29 
1   20 
2   33 45 
2   42 44 
1   16 
1   14 
3   21 39 46 
0   
1   21 
1   27 
2   22 36 
2   8 15 
2   14 41 
2   7 45 
1   28 
0   
1   40 
3   4 36 46 
3   9 11 38 
1   13 
1   40 
0   
1   36 
1   3 
1   12 
1   17 
1   3 
0   
0   
2   33 37 
2   5 32 
2   40 45 
0   
3   13 20 25 
1   32 
2   21 40 
1   9 
4   19 23 34 38 
1   15 
2   6 46 
0   
1   6 
3   5 16 34 
3   9 20 42 

   47
3   17 39 41 
2   38 40 
1   36 
1   5 
2   4 21 
0   
0   
1   13 
3   12 35 42 
0   
1   19 
3   9 37 45 
4   8 40 45 46 
0   
1   47 
1   33 
1   1 
0   
1   11 
3   37 38 41 
2   5 34 
1   38 
0   
0   
2   29 34 
0   
0   
1   36 
1   25 
1   40 
0   
1   47 
1   16 
4   21 25 36 44 
1   9 
3   3 28 34 
2   12 20 
3   2 20 22 
1   1 
3   2 13 30 
2   1 20 
1   9 
0   
2   34 45 
3   12 13 44 
1   13 
2   15 32 

   48
1   46 
2   33 42 
0   
1   34 
1   17 
0   
0   
0   
1   29 
2   34 35 
0   
2   21 30 
1   24 
3   20 39 43 
2   33 37 
0   
2   5 28 
3   24 30 47 
3   22 46 47 
1   14 
1   12 
2   19 24 
1   29 
3   13 18 22 
1   33 
2   35 39 
1   39 
1   17 
2   9 23 
4   12 18 39 48 
0   
1   36 
3   2 15 25 
2   4 10 
2   10 26 
1   32 
1   15 
0   
4   14 26 27 30 
1   44 
0   
1   2 
1   14 
2   40 47 
0   
2   1 19 
3   18 19 44 
1   30 

   49
1   15 
2   45 48 
1   13 
3   17 39 44 
5   17 27 29 30 32 
3   37 38 40 
1   48 
1   22 
0   
0   
2   27 35 
1   14 
3   3 32 38 
2   12 38 
2   1 33 
1   17 
4   4 5 16 20 
0   
0   
2   17 45 
0   
1   8 
2   26 37 
0   
0   
2   23 27 
3   5 11 26 
0   
1   5 
1   5 
0   
2   5 13 
1   15 
2   37 42 
1   11 
0   
4   6 23 34 47 
3   6 13 14 
1   4 
1   6 
0   
2   34 45 
0   
2   4 46 
3   2 20 42 
1   44 
1   37 
2   2 7 
0   

   50
0   
1   34 
1   44 
2   9 23 
2   14 20 
1   31 
0   
0   
1   4 
2   20 36 
0   
2   17 35 
3   24 30 42 
2   5 49 
3   29 34 49 
0   
2   12 22 
0   
1   44 
5   5 10 28 36 50 
1   22 
2   17 21 
1   4 
1   13 
1   30 
0   
1   38 
1   20 
4   15 34 43 50 
2   13 25 
2   6 44 
1   48 
0   
3   2 15 29 
3   12 41 46 
3   10 20 41 
0   
1   27 
0   
0   
2   35 36 
1   13 
1   29 
4   3 19 31 48 
0   
1   35 
0   
2   32 44 
2   14 15 
2   20 29 

   51
1   15 
3   38 39 43 
2   13 16 
1   26 
2   18 44 
2   14 15 
1   22 
2   22 25 
1   17 
0   
3   15 28 51 
0   
2   3 22 
2   6 17 
5   1 6 11 18 48 
1   3 
3   9 14 42 
6   5 15 22 33 35 51 
0   
1   33 
0   
4   7 8 13 18 
1   36 
1   47 
1   8 
3   4 33 43 
0   
1   11 
0   
0   
0   
1   33 
5   18 20 26 32 50 
0   
2   18 46 
2   23 43 
0   
1   2 
2   2 51 
0   
2   42 45 
2   17 41 
3   2 26 36 
1   5 
1   41 
1   35 
1   24 
1   15 
0   
1   33 
3   11 18 39 

   52
2   12 16 
4   14 21 34 52 
2   14 34 
1   21 
0   
1   26 
0   
0   
0   
6   15 17 25 43 47 50 
3   32 38 51 
5   1 20 26 37 38 
1   22 
4   2 3 20 48 
3   10 17 38 
2   1 38 
2   10 15 
0   
1   32 
3   12 14 31 
2   2 4 
2   13 32 
0   
1   48 
1   10 
2   6 12 
0   
0   
1   48 
0   
1   20 
3   11 19 22 
1   47 
3   2 3 35 
1   34 
1   50 
1   12 
4   11 12 15 16 
1   51 
0   
0   
0   
2   10 48 
0   
0   
0   
2   10 33 
4   14 24 29 43 
0   
2   10 36 
2   11 39 
1   2 

   53
0   
1   19 
3   24 33 52 
0   
0   
3   35 39 48 
3   9 11 27 
4   32 41 42 47 
2   7 49 
1   23 
3   7 30 43 
1   41 
1   21 
1   34 
0   
1   43 
2   29 36 
0   
1   2 
1   49 
2   13 43 
2   31 32 
2   10 48 
2   3 47 
0   
1   29 
1   7 
1   36 
2   17 26 
2   11 48 
2   22 46 
3   8 22 48 
1   3 
2   14 43 
1   6 
4   17 28 40 42 
1   40 
0   
1   6 
3   36 37 51 
2   8 12 
2   8 36 
4   11 16 21 34 
0   
0   
2   31 47 
3   8 24 46 
4   6 23 30 32 
2   9 20 
0   
2   40 53 
1   3 
1   51 

   54
0   
0   
2   7 10 
1   21 
2   44 49 
2   28 47 
3   3 22 32 
0   
1   17 
3   3 11 17 
2   10 47 
1   48 
1   19 
2   35 38 
1   22 
1   32 
5   9 10 21 33 53 
0   
4   13 46 48 52 
2   28 38 
3   4 17 48 
4   7 15 34 44 
0   
3   37 39 43 
0   
1   40 
1   34 
2   6 20 
0   
0   
0   
3   7 16 44 
1   17 
3   22 27 54 
2   14 52 
0   
1   24 
2   14 20 
1   24 
2   26 54 
0   
0   
1   24 
4   5 22 32 47 
0   
2   19 47 
4   6 11 44 46 
3   12 19 21 
1   5 
0   
0   
2   19 35 
2   17 54 
3   34 40 53 

   55
0   
2   12 30 
4   5 8 10 38 
1   45 
1   3 
0   
1   32 
2   3 55 
1   25 
3   3 40 54 
4   12 22 49 50 
2   2 11 
2   25 50 
1   20 
1   18 
2   18 37 
0   
2   15 16 
2   44 45 
1   14 
2   46 47 
2   11 34 
0   
1   41 
3   9 13 51 
1   29 
1   32 
0   
1   26 
3   2 41 55 
2   33 46 
2   7 27 
2   31 47 
2   22 43 
3   40 43 50 
0   
3   16 38 41 
2   3 37 
0   
2   10 35 
3   24 30 37 
0   
3   34 35 48 
1   19 
3   4 19 52 
2   21 31 
2   21 33 
1   43 
1   11 
3   11 13 35 
2   25 55 
1   45 
0   
1   10 
3   8 30 51 

   56
2   53 55 
0   
3   20 23 29 
2   12 22 
0   
0   
0   
3   10 24 49 
0   
5   8 14 41 53 56 
1   37 
2   4 29 
2   36 45 
4   10 31 36 44 
1   51 
0   
0   
1   27 
2   20 45 
3   3 19 45 
3   22 24 49 
4   4 21 32 56 
1   3 
4   8 21 37 44 
0   
1   30 
3   18 36 55 
1   53 
2   3 12 
1   26 
3   14 38 43 
1   22 
0   
0   
1   44 
4   13 14 27 45 
3   11 24 56 
2   31 49 
1   55 
0   
1   10 
1   56 
1   31 
3   14 24 35 
4   13 19 20 36 
0   
0   
0   
5   8 21 38 51 53 
0   
2   15 49 
0   
4   1 10 28 49 
0   
3   1 27 39 
4   10 22 37 42 

   57
3   8 46 48 
1   38 
0   
1   7 
1   11 
1   20 
2   4 49 
3   1 9 44 
5   8 26 38 48 56 
1   25 
1   5 
1   57 
0   
2   34 45 
2   18 40 
2   27 55 
1   36 
1   15 
1   57 
3   6 35 39 
5   37 40 43 45 47 
0   
3   38 42 56 
1   52 
1   10 
1   9 
1   16 
2   35 36 
0   
1   41 
0   
1   51 
1   45 
1   14 
4   20 28 40 49 
2   17 28 
1   21 
3   2 9 23 
1   20 
3   15 21 35 
2   30 47 
1   23 
3   21 44 55 
2   8 43 
3   14 21 33 
1   1 
2   21 41 
2   1 9 
3   7 35 52 
0   
1   32 
2   24 49 
1   56 
0   
3   16 43 57 
3   9 23 53 
3   12 19 55 

   58
3   22 31 41 
0   
0   
3   30 53 57 
0   
1   11 
0   
1   44 
2   39 49 
1   20 
2   6 13 
4   29 45 47 58 
5   11 14 20 52 56 
1   13 
1   28 
1   23 
1   38 
2   51 54 
2   44 57 
3   10 13 42 
2   31 52 
2   1 25 
2   16 38 
0   
2   22 48 
1   41 
1   58 
3   15 33 58 
1   12 
1   4 
2   1 21 
2   36 56 
2   28 50 
0   
2   40 44 
3   32 40 53 
1   53 
2   17 23 
2   9 43 
2   35 36 
2   1 26 
1   20 
2   39 51 
3   8 19 35 
1   12 
0   
1   12 
1   25 
1   9 
1   33 
3   18 43 57 
3   13 21 57 
3   4 36 37 
1   18 
0   
2   13 32 
4   4 19 51 52 
3   12 27 28 

   59
2   4 47 
3   4 45 53 
1   58 
3   1 2 20 
1   59 
1   43 
0   
2   31 41 
0   
0   
2   21 50 
2   42 45 
0   
0   
3   31 43 47 
1   22 
4   19 21 41 45 
1   57 
2   17 30 
1   4 
3   11 17 24 
2   16 34 
1   51 
2   21 54 
1   40 
1   48 
2   34 43 
5   29 39 42 44 55 
1   28 
2   19 41 
4   8 15 44 54 
0   
1   56 
2   22 27 
3   42 50 59 
0   
0   
1   54 
1   28 
2   25 47 
3   8 17 30 
3   12 28 35 
3   6 15 27 
3   28 31 57 
3   2 12 17 
1   53 
3   1 15 40 
1   26 
0   
2   11 35 
1   23 
1   57 
2   2 46 
3   24 31 38 
2   28 56 
3   33 55 59 
3   18 44 52 
1   3 
3   5 35 56 

-1
