262672	902721323
-189363	848721998
-256005	417622889
62256	552675432
-621639	114044390
-460509	314938466
-551422	10339441
488746	468919869
121391	128001454
895945	997703848
33429	822482872
-641039	601188587
-383496	41444592
-247485	266023200
-115780	310644839
900598	583105348
757053	368173122
284499	179178220
-971748	284299611
-470024	387195556
-862446	913745338
-492544	584386377
844639	468286225
819624	818533710
986394	85165843
-713906	597066441
-379884	52823494
-901656	217624346
826946	30112446
-786393	91582470
966041	251961268
628560	560453812
-479667	717298452
291717	139118076
-126968	82620822
123409	660851080
-225199	187747317
-983758	672648973
-436890	435992271
-705986	457295017
-654286	733261058
380628	937889618
976995	671369285
892291	679177355
-824946	373820675
-439796	64944084
121087	187169283
-625873	107669394
755004	4622636
512934	161328622
-853333	816499260
-155001	882879888
-910482	796373235
-480766	24265527
169127	236606825
-511015	665046622
-703983	758167709
-160620	567793582
-782582	163064939
-913168	720577873
822419	35947558
509080	655102560
-601712	990013042
63629	462010160
-702901	356695640
-679200	608206655
-599583	581426990
205602	463103962
-481015	777402896
895417	959316065
-638441	317654836
-880725	732163917
-35602	844765629
-47363	178345610
841002	706048511
241467	358244063
-688554	493843646
-819703	4049249
-744434	848046616
-250456	176942033
850703	3580474
-882156	995977552
532522	36013154
-712281	771576869
-418553	373417872
304113	929659339
-912680	956864246
-464589	359683949
120460	409944735
-695580	417195191
103116	806045894
-649137	611444402
-875427	487493276
-383698	275721910
-753931	437140463
-172675	179960929
835482	258873609
858288	959338199
-930342	595975011
81717	945186943
-658774	965290060
-849009	972939197
533148	404330977
230441	103231027
20956	246984959
745695	393157634
-129774	898993117
894450	109851405
-343076	881298099
-252788	60379817
874044	675554943
541193	581920304
169097	774453452
-290278	140683893
166072	156221202
-182330	340966897
159517	328613023
-10314	222507474
232013	86366902
-428724	329136042
328731	367010086
-518797	857551280
-164413	263720377
-141006	924527007
-381331	114693080
-90262	122875410
989532	128034928
881919	240561594
142063	418793607
733011	110222332
703775	111551063
-745835	387069860
-708198	761234274
124014	489891632
256427	675272963
610042	415879578
446906	103869110
896794	342267382
854156	239925797
694772	529658808
671431	123362584
-658176	400624771
-712553	237332969
-487307	111973335
305421	16746114
-816615	254356156
-719572	869803063
657456	43216209
156935	291070366
-966373	256281490
998143	561952921
97328	279127449
-266373	264356354
186045	927843662
513701	750665435
114320	141482051
-110870	779717975
9234	87375431
-658628	9048718
-266523	962531443
533227	57045938
-678867	403143266
-449278	239409640
-69011	31112037
-662079	414625738
-517613	916740058
729304	657367280
-744058	739376514
491374	356551494
-825407	747818018
924579	146867597
-493025	823546465
-705272	29995743
-273873	707581106
202489	114759537
796540	267277151
-905346	271006455
-215775	994750514
934339	185758240
701622	281583647
516701	390024579
377718	72033956
-382001	605739228
312277	959529453
-354589	60248294
22640	805044834
-947101	891950180
-238842	99682307
-939802	514616647
-192257	849834621
262729	66867674
-717151	369245392
-234390	864143746
-747373	937456023
-357814	324326964
-211440	733349604
858570	785296705
512155	136535548
432606	82991702
-111297	275183959
889987	164963041
-693257	45680192
-530482	297430935
-623288	244178308
761899	297536122
-632452	571263914
-64192	479122484
-962465	143634639
-59397	263583597
-772976	318694894
-837528	147101234
769755	432794491
947375	951841325
-785092	308980965
-595185	462742864
-732242	472375317
218903	846955861
2270	477434678
353889	462494075
-180859	20783403
708140	1137284
198462	616907039
-885328	88854414
3130	985155859
299239	389751044
647823	478483286
-260321	983702189
-511655	542220812
-913981	142091053
-416257	12788264
97075	428496404
395479	258211218
4726	694096547
455298	885099677
-886836	74398916
-61239	263563091
-127310	170339764
-149243	125367772
-122207	123798105
589246	428214362
-356040	208827789
-260119	611739620
71237	68744346
-253121	383199645
590865	863086481
196004	822664072
800782	880791383
624101	588456978
668232	422095537
319768	990684783
243217	871557176
695775	359817295
843199	923888532
-87170	356658005
947170	937248870
-722438	611961227
577150	858278361
-771627	658902462
-850227	260087046
-726933	950406814
334354	594166384
769564	618862159
-460746	134221710
-896275	128308880
-47801	42772402
-802161	951011192
220593	968104695
-946760	263392674
-129905	961242901
-924940	36969835
921111	622820541
474457	74106457
-361451	1567203
-653328	177979831
-603211	133027632
-318317	433829793
-994649	902050386
465695	122513498
355554	977643404
332460	446084696
-232532	517522159
815340	62512969
-776659	439874420
959688	130044100
-967949	783647312
748612	41965629
-573171	368476630
502426	767942325
824354	455814232
905536	986146692
-472905	865895576
860815	688227268
-838830	923520279
-416753	852479967
458154	159964268
43540	35229232
-975072	280802403
-473342	568821181
-968758	309161888
-140283	462067424
-396504	768540330
-174884	850401145
-982586	780756328
664707	412689433
-390929	70663939
-280815	886707480
-136330	851198904
468476	12672246
259299	345157356
864354	825297639
648805	750694143
328832	490385380
236127	105884318
696405	183549025
-636650	557456307
541163	157737122
674908	877873453
127408	937858281
401090	104633932
-836660	980498286
856007	108147091
932035	204992275
925561	105744754
675415	585441159
-631054	348077809
734281	405135324
-577691	85810232
620006	227453992
-334566	545371435
-722835	347724447
-408744	95580454
788796	114028842
-586932	399954403
-753034	438146171
984513	787777225
-188652	371027858
-613561	73605550
-944627	598225556
-133974	809076474
473605	197799310
311522	441208054
812882	141513202
306517	788100134
544906	338369520
-740806	974870385
14515	254059037
-423548	185188950
-159165	497649929
-865126	128300255
-942523	180773860
-260719	487085382
-159369	6898264
-603214	944204781
-1462	256266039
-62233	675006845
-900229	252537712
766084	687961260
-753841	623636777
967154	286018256
773294	219477131
378743	770737850
-708599	739413571
-68008	386016785
-527552	814534599
872967	609596832
605120	263013414
396311	439779498
-376452	917533340
522874	146016846
969552	80790140
-190091	623685236
-496012	214910187
-216549	994978195
141868	456022099
365931	935411419
596839	407016539
365459	976412850
-95340	680305654
-494703	15344881
-912321	108830785
323423	288020876
988726	744033240
-67601	630249790
163262	594908010
309874	893273941
-569670	51870780
842881	174752592
-895590	96364284
-997991	291858987
633590	751287661
575682	840611084
719362	34599810
-773229	71667412
-321644	189347026
-408510	201173252
-906795	715742922
-937971	847585803
-898350	35481393
680736	900995736
-808002	589145679
766054	32237713
261335	852957076
-789856	970246657
-568167	378084653
-287192	531493163
-280159	69916310
-176611	399370634
-309302	495268984
322630	741949720
-194946	6274075
871274	691040129
-158687	788301464
-562262	41091320
-149601	931175839
600318	52463032
224287	2259543
591178	683952506
60225	418778161
-527018	302100791
-989547	329812089
114107	399683364
992732	203842051
828434	480920665
-427145	301586618
626861	854186936
803389	43927575
928932	733035105
908756	768095331
-190269	888622349
-421503	847128248
926811	231758707
472249	73751439
-835504	930096225
290079	770039722
436845	970666584
562996	914986325
-948690	671915257
-803242	492340366
435956	870530635
-685813	252468490
-747759	938395302
493070	323383903
-80431	342219407
-104810	740025838
-715806	594462684
-30091	662025680
-271950	796490722
65267	828293964
953915	880246272
981264	400932085
653213	571679845
83869	791172915
265965	114769698
-60638	22390860
895033	962106667
912365	492136758
916022	507925060
351288	888990328
126921	107460595
-949541	50958212
757003	565611425
-959768	587211647
546436	335993964
-868863	741054602
-217129	276465987
28079	59378352
897413	708810726
-257469	43162015
-427842	258805288
844487	225271181
709569	194028184
254497	954987952
-5043	683050740
-8936	866919604
-920042	98136733
454166	822681165
-125049	701578578
-720992	235352400
823615	398780242
870481	923624729
-391912	62334298
41120	238105147
901975	241110191
-240442	37635479
-666215	796555521
74327	36526040
-860792	543651089
974336	677372081
249894	30712048
330741	5098881
-682768	650490793
-579332	89048265
-980201	201950240
431810	176707034
-319375	753373249
-343673	912447577
-49137	564824721
849531	565799057
-518677	810048952
-451713	555379693
525830	878578813
934245	120158146
-964160	791654699
104266	870086509
363500	926405884
210959	57749557
-68106	938315046
92694	268680929
5715	283199606
114432	379651319
-838382	185693501
53126	57627747
316136	790108259
-45738	918212526
966022	331092378
292260	824303337
66075	285887795
180964	405980489
578558	565986204
57808	795616988
400399	246455370
-354507	273024849
466762	110857337
750067	960903075
119882	851385449
928284	534677710
-486244	627260137
875603	840441101
-945891	591536011
-215785	689593819
-136999	541510570
-268067	24865078
543233	111331840
-926659	296598259
38963	744718141
727293	938646426
235312	787649022
-147478	376524625
-40133	825470516
918992	269202654
931191	233856005
915113	904124072
407531	894183658
273639	140626669
42821	560665633
-713805	336909278
-62499	292660943
187683	712808421
-753968	854848555
856264	136283899
552380	499215091
-275419	894130204
379887	593054087
816196	705844078
-850764	192403252
119825	903117057
-68017	76695909
148879	486883592
-270718	825637560
379426	683493824
690788	601562557
-374508	120354328
-182300	263734215
173750	994550411
-308221	460917527
-108326	406553705
817709	621621722
-188035	745286953
-366782	153074023
-910437	669453450
737991	267660590
-296988	328035098
-986189	606217398
245829	847907500
865900	340215722
-889223	495324048
29604	649141757
865893	93329792
-585775	392212926
-459568	399639715
-827186	398377706
-790065	591674694
590920	725177235
158695	390939417
-276881	293805317
-828946	477694541
-451069	844724145
694913	323106390
742063	693692165
863236	338668086
437859	88011624
189424	394801690
-492440	230908962
529207	859067657
-473474	125344538
-633463	194689837
633852	620140906
-292350	727352171
-796992	408094234
-30912	666957470
-904548	24911681
-155891	748617458
-114632	17626250
734256	437155457
-809650	706628931
690361	17778746
-781965	12412598
-114066	896221300
552557	761534644
-199566	852081909
-514661	713986457
-841381	449658700
-969790	649773332
-7162	891023941
-628544	710833591
110816	107040304
-282925	556338621
-112292	902452687
810182	172521596
602307	59237515
-351903	47752176
-45884	77593557
-840971	395079700
778660	377603214
-871807	735748110
593886	593858926
94711	850658203
-524486	125286847
691914	144097030
910339	166699337
-210672	859051240
13815	950097124
-992011	187454447
-743539	735233108
35360	882104915
160772	186215153
-359192	959309864
379881	917834351
369609	662042617
397285	99952956
-662477	935163629
679845	585693796
323474	647685807
46804	622429346
373348	104981058
-964354	100141830
-930639	124017374
-555128	174397255
466464	710283216
474830	50680502
698885	958859331
-974181	629055528
862954	990379002
-206174	289425806
815206	755315506
529153	122796213
-974606	984726852
-213572	43281980
-319592	275264796
-468230	971255978
-86177	296954864
867752	962929045
859476	623308351
-537008	612030877
-160238	515846083
764526	920891589
-510645	159866195
-790491	43596119
983944	341432064
944261	861900294
-617785	261502823
-150639	769370576
255374	527746404
222759	478283412
-648654	947443650
-390056	39208177
927671	705235174
-192139	68542017
-254939	302525961
-98887	968986575
-715166	117604360
-286309	411271351
-786498	625526725
-627742	602265836
983511	482430843
701716	167820899
-827862	632748571
820204	713457062
-408665	452228353
-945542	123327240
899065	254558759
355412	436845068
-182335	337147918
-272015	577775660
-161459	769759172
494553	132977240
552177	734805103
-361327	439141659
-228846	436066676
622327	66012218
518735	747427635
-535855	35783048
824327	404481735
155876	527753750
-269613	587915209
-814194	383926115
-696026	101478292
326429	2355971
-930246	154101169
-762416	858239849
-438178	82758584
-672700	501810792
-752290	820635119
979798	221307347
-499319	305093312
778012	700907506
-550298	133119884
-644038	528446313
879438	156892911
697865	764655327
-528511	179093506
-786792	653766206
-344473	477034848
383889	132530998
-693408	197030318
434489	144324682
101684	106391332
-763524	669551723
781334	271947513
933018	348645378
-808199	817173889
-474669	276477033
-951930	908821506
-580663	822721748
516742	544931508
546134	514882349
515737	262984034
-88872	594747558
624672	364045244
-53384	723978263
-137424	384302814
-831321	279293835
807777	57245766
-819080	242826429
-361382	56343171
-450354	654405658
-864009	736921395
-668996	288526619
-542058	984151291
-362633	832204676
344938	448858452
-984781	12206125
618010	27530254
589097	118349335
-281932	121227069
-422627	379677424
-962024	889541433
485455	608726781
-756444	205785191
105382	99147824
432582	194009114
578949	748993896
19152	597128258
705120	793717355
-733870	12999287
-622143	503938266
-432426	927900291
680456	251902098
-938753	217174895
381045	39280277
28014	146229211
533434	68808161
277684	937827313
35837	662048785
-143324	483299007
994233	309437502
-522566	646386280
592332	230066736
905231	200521841
-3321	540902887
765587	934930901
20616	682980687
-302244	796258372
712131	153810561
-839372	20470237
-482253	516464471
-579752	725503389
93894	683612074
510134	998517305
101270	580036979
-972682	673802566
589658	325339534
-14795	282641779
-783597	994353910
117537	105709634
750484	628708239
-337285	66287991
310367	902898237
866538	684408372
460902	332025994
-958153	31515028
-902657	928104687
344200	942119482
-560468	715419432
-70944	56536969
-568010	152803805
-45899	460141090
510826	328967810
620530	988350700
247540	637811602
911529	522286107
894437	723188764
-700527	480049316
181100	735609784
15583	495197081
-76052	925765091
844761	100327343
417814	38354521
405456	274975051
801470	660222592
739830	773134121
-676866	139028558
-234942	82245437
428852	736942889
42194	96474824
-192505	265550877
-662973	576911990
790883	95846156
-886604	724251612
333024	998053082
107399	100792912
684232	62986131
449830	959221073
264744	288166277
-205794	59208471
343926	32917328
-763501	361096653
-510419	502887536
611858	638774140
688348	756107165
-503783	196730916
-453339	629415148
947805	481381330
-720413	379162426
919559	57368221
-109881	715228499
-851080	277508352
20621	843535123
-519967	450663333
-787278	372868033
624023	269371816
770032	617341507
-902173	554805665
-771738	15526078
807581	587961989
-568246	515071870
246240	766439302
537238	65459924
-715773	359496243
668449	519283521
-728289	99423896
551750	347193929
-790359	177096102
410298	252384192
-709016	7708125
375955	501276372
-304097	470038964
-224239	274092554
-712208	562808328
-347158	826476777
366494	672721418
-757646	297273168
6657	33579879
544982	656990178
642089	103215546
184833	723591502
315800	789895599
402422	578636191
948967	932348399
991756	153211910
-834419	760578404
100978	727852402
561466	818859059
634408	439920393
91542	605562482
256802	902747316
698434	550579468
211734	314498242
-301237	406447210
199067	889955318
90027	283306089
218757	832407067
620655	588484885
602433	727635645
-574389	648727188
278244	63500342
89952	767198777
797260	786410511
-657111	394228100
-381714	299943520
-834578	181549899
-865847	710768656
265869	36389311
524951	190991745
-704427	683082486
-962737	762360730
968363	856450683
-69809	606764295
185850	738421407
-749101	740319473
-267671	912154051
92330	866019898
356760	33802120
-106076	528327071
491038	641031498
-635891	828994235
-764735	846478950
608708	243065112
379545	332250962
-378482	372000064
320939	251267735
-813295	104876417
590659	764233177
757334	521855606
-432107	251862996
189366	454498887
-823707	192263623
908732	83872331
274404	619768228
577835	488146710
200739	692984001
-494046	562313648
807252	805904307
438930	164177994
881328	974610101
387928	624315819
-888763	22139526
384901	728564610
429799	349355366
242012	621933201
-54288	990650292
650652	514144339
-123432	762467943
345742	915906874
940010	354304554
-880922	717692482
837074	686581245
-56848	958966147
-665306	776912298
41993	471670662
-81742	414241303
621844	707408307
-475595	455048091
233654	272910186
686058	681850196
264916	932731119
675944	184084545
710147	922141393
-825313	934806700
-812197	693365045
732282	684963139
-302660	454101335
533729	709576931
-749094	108810585
-871332	520012995
298125	916794263
-417399	922470208
150623	410696707
-849994	109038372
-978016	365850569
776700	654582852
-849391	964885512
-814037	514935594
343126	66201040
-782402	681072372
588226	565370497
125169	288304249
746657	535454872
-25890	117304867
111824	514799235
-595506	346092287
-42328	876941678
590485	666272067
231925	168131545
200302	801913947
181674	953502173
473662	407143694
-235858	640890351
-211114	133432594
708390	113544418
-572587	683656276
19637	822698604
868551	688805441
-169411	990553718
-154959	835754020
729231	448452047
190353	744442061
955724	645194272
692320	560405386
250134	450630128
-1	-1
