989631	109959
987768	14526
-693308	346654
452920	226460
978431	978431
-762784	762784
294264	98088
-465560	46556
992770	496385
-144148	144148
-885508	221377
-713956	713956
901182	450591
726304	726304
-759596	759596
767606	383803
-776490	155298
66767	66767
-805623	61971
587447	587447
727931	727931
915723	305241
-851646	425823
-645135	645135
784057	784057
-906818	906818
629182	629182
515421	515421
399465	399465
-265684	132842
-885018	295006
974532	243633
-844763	844763
347944	347944
453870	453870
915522	305174
699447	233149
578301	578301
142946	142946
942608	942608
-839396	839396
684418	18011
949269	316423
859942	429971
-545208	22717
396000	24750
736248	736248
-964647	964647
-581931	193977
692446	346223
-450289	450289
244770	122385
-305838	305838
958789	958789
763452	763452
862870	862870
-487305	162435
626912	626912
711130	711130
-264402	264402
380368	95092
936340	93634
932790	932790
-979016	244754
-109491	109491
-375615	375615
-955472	477736
-630704	630704
-778800	778800
-81387	27129
-383662	383662
888986	126998
654434	654434
-143079	47693
713139	713139
-527644	527644
-399537	399537
-683351	683351
889331	889331
-469348	234674
-852758	426379
941244	941244
369750	184875
-593107	593107
759364	759364
-727584	727584
-902524	902524
-970374	970374
-216811	216811
-823992	823992
-891967	891967
-698854	349427
511682	511682
-862738	862738
-656498	656498
206868	206868
-940743	313581
-991821	330607
-605214	201738
915200	183040
468426	66918
-528896	528896
-271726	271726
821695	821695
-706599	706599
-380298	380298
821803	821803
-909877	909877
906865	906865
842800	842800
-629360	629360
-489298	489298
-392925	392925
480053	480053
890118	296706
335411	335411
786088	393044
796768	398384
-592123	592123
-497543	497543
744707	744707
628741	628741
-200046	200046
752027	752027
-928025	928025
-227735	227735
-536621	536621
943632	235908
-931887	103543
984366	984366
-974180	48709
-994038	331346
878666	878666
-748068	748068
873167	873167
-237363	237363
-453348	453348
498174	498174
-971514	971514
-389220	97305
-729313	729313
999577	999577
588973	588973
458524	458524
-120238	120238
627102	209034
-882774	441387
-561981	561981
-608900	608900
-635750	635750
-830984	59356
780898	780898
-980770	70055
-421918	421918
339755	67951
398259	398259
-574983	574983
-436933	436933
926008	926008
635900	635900
-674554	337277
-960699	960699
538480	538480
879327	879327
510222	510222
436417	436417
-860106	22054
-897409	897409
-575238	575238
425967	425967
-827491	827491
-824521	824521
-886447	886447
-734195	734195
612320	612320
-731197	731197
719034	719034
-934724	133532
-531183	531183
-709830	236610
-668248	668248
-831080	831080
572854	572854
328576	82144
-990835	990835
-954110	954110
-511572	511572
-827475	827475
835025	835025
676020	676020
-894500	894500
-903886	903886
-506756	506756
314172	34908
761612	380806
-744980	186245
519780	259890
515796	515796
-869375	869375
951105	951105
788004	262668
-877338	146223
-866133	866133
490400	490400
246088	123044
976264	244066
514492	23386
-736360	184090
791475	791475
-388299	388299
-452420	90484
-422850	422850
733656	183414
648610	648610
904742	904742
-822230	822230
662785	662785
-951414	475707
393745	393745
755489	107927
476148	476148
52130	52130
-999299	999299
-751570	751570
909610	454805
284045	56809
756288	23634
-886124	221531
777366	129561
647635	647635
-309022	44146
-791666	791666
965636	965636
388714	388714
379233	126411
515334	515334
-845754	845754
-578828	578828
908778	302926
388852	388852
-544662	90777
-714992	357496
-222730	222730
-624951	624951
894486	298162
770051	770051
-851941	851941
951203	951203
615748	615748
-547018	547018
-729105	729105
393264	196632
822760	822760
808714	808714
974152	243538
-292250	41750
-788864	788864
-992098	496049
-734762	367381
338972	338972
-522444	10047
-551683	551683
602580	602580
571240	571240
844962	844962
-787643	787643
918000	459000
505618	505618
-528577	528577
-654278	327139
-322944	322944
-884954	884954
986132	986132
-842766	140461
172993	172993
229494	38249
370665	123555
-734673	244891
99693	99693
270740	270740
502870	502870
-929006	929006
440124	220062
421344	140448
704652	352326
513941	513941
-376127	376127
-271574	271574
-867749	867749
-688360	688360
611722	305861
-943462	943462
749494	374747
379380	63230
-956099	956099
-373398	186699
333258	333258
-465002	465002
420694	420694
-531257	531257
-305238	305238
177501	177501
-973588	973588
-571857	571857
-625172	625172
-189350	189350
-552102	552102
973910	194782
-601079	601079
-488584	488584
-963300	96330
-924636	924636
304363	304363
845544	140924
-819042	409521
-630530	630530
-576167	576167
-621214	621214
-437479	437479
834815	834815
844712	422356
473787	473787
-807215	807215
828155	828155
483195	161065
-360262	360262
658020	658020
-381788	381788
544709	544709
-718208	89776
-980062	490031
-957236	957236
-671616	477
486258	486258
-704867	704867
511892	511892
686921	686921
-162945	162945
672729	672729
-512159	512159
966626	966626
828871	828871
-766578	255526
-694454	694454
878931	878931
961300	961300
-418542	209271
-845808	845808
481347	481347
716984	716984
-755057	755057
-377236	377236
922490	92249
-892882	446441
700951	700951
-399688	199844
-609861	609861
-156338	78169
-471248	58906
-98826	98826
-816128	816128
932881	932881
-885080	885080
-691146	691146
-462593	462593
-810335	162067
-435100	22900
-566269	566269
935537	935537
947170	189434
-845042	845042
975239	975239
611400	305700
-979600	97960
253723	253723
876050	438025
932040	932040
559827	559827
801256	100157
567036	567036
977256	139608
848703	282901
776707	776707
609506	609506
-554978	554978
-473002	473002
-345284	345284
-760520	760520
-839344	38152
540285	180095
-604447	604447
561128	561128
551169	183723
-792797	792797
671801	671801
-639479	639479
-545582	545582
-352664	88166
639423	639423
894967	894967
921684	307228
816408	136068
-993684	993684
-703010	703010
328330	65666
816188	408094
761446	761446
150470	150470
804280	804280
-796559	34633
366000	61000
-504114	252057
-953454	953454
-765919	765919
802796	802796
-291192	291192
-896919	5641
-609868	609868
819909	273303
-795504	795504
588888	588888
-780693	260231
712955	712955
-198264	99132
557569	557569
-186723	186723
820862	117266
746406	124401
888394	444197
-610987	610987
-568815	568815
684773	684773
-138609	15401
-628072	314036
872720	87272
870192	290064
-717522	358761
862523	862523
980326	980326
907572	226893
555507	555507
-428822	428822
734919	734919
-979503	326501
-556975	556975
989221	989221
430043	430043
429075	429075
-763555	763555
-714900	357450
634115	126823
-754210	754210
-640119	640119
966402	966402
764759	764759
-524738	524738
-540844	135211
566488	566488
-907616	907616
679776	28324
771035	771035
987426	329142
-466706	466706
797505	797505
-578188	289094
363825	363825
-886530	886530
895278	447639
422471	422471
-419290	209645
453736	56717
592786	296393
529313	529313
414781	414781
-883579	883579
-333699	333699
-701884	701884
246694	246694
768337	768337
599071	599071
-683621	683621
288643	288643
-593559	593559
-714609	26467
423716	211858
718599	239533
271095	271095
932649	932649
340065	68013
-976110	32537
-728858	364429
401993	401993
-348082	348082
-764978	382489
-860991	860991
876560	876560
-675232	675232
803967	803967
-584712	146178
-380712	380712
-562712	562712
-987147	987147
-540300	540300
-279702	139851
193418	96709
-792166	792166
-624024	1284
-904095	301365
965704	965704
-943155	188631
-990440	45020
-678976	42436
-918037	918037
762134	762134
888191	888191
541887	541887
930620	186124
-562818	562818
519591	173197
-902720	451360
290846	290846
-699340	174835
736464	736464
-905376	452688
649320	649320
-308316	308316
-517834	517834
947972	947972
739541	739541
-879586	439793
796725	796725
813095	813095
-79968	13328
528181	528181
-770163	770163
610897	610897
317281	317281
-423499	423499
-951412	237853
707596	707596
926124	308708
950007	950007
-678190	339095
-768312	384156
655295	655295
-534280	106856
-716460	716460
857419	857419
-728115	728115
-955490	477745
-898914	149819
-585319	585319
832672	416336
693090	77010
217160	108580
-480442	240221
890788	445394
974489	974489
816541	816541
-177076	88538
668671	668671
-545332	545332
868404	289468
814090	407045
-343141	343141
842750	842750
-557095	557095
-431740	215870
754094	754094
891792	297264
902881	902881
864450	432225
614351	614351
666637	666637
633942	633942
550510	550510
519759	519759
558666	31037
-556334	556334
956826	956826
-298685	298685
-793983	11507
-826456	826456
-936005	936005
-524544	174848
-874713	874713
815811	815811
-566783	566783
-802896	802896
996228	996228
-626164	44726
527117	527117
-650802	650802
420929	420929
524971	524971
995049	331683
-963499	963499
786970	786970
-912363	304121
619295	619295
-687177	229059
-802629	802629
873830	873830
901203	901203
-964236	964236
934896	934896
938487	938487
360797	360797
357184	357184
-921089	70853
-650985	650985
873670	436835
-575739	191913
763510	763510
-367002	183501
-960652	960652
-975770	975770
-615390	615390
957170	191434
-548647	548647
-771006	385503
649599	649599
148592	18574
-780630	260210
-813226	813226
-687391	687391
796987	796987
-626676	626676
-183112	183112
822901	822901
-207342	207342
-370181	370181
-933678	933678
829532	829532
-316411	316411
-588636	588636
402926	402926
-486552	486552
-436365	436365
-68334	3254
-715980	357990
598562	598562
629101	629101
846918	846918
447458	447458
856041	856041
289464	289464
652247	652247
436107	436107
811448	202862
-421174	421174
-995484	995484
264526	264526
901715	180343
420558	420558
579658	579658
-818061	272687
-252987	84329
860329	860329
-915598	915598
772191	15141
-771105	771105
-943170	471585
411590	411590
-731442	5151
974280	194856
971991	971991
859475	859475
253503	253503
-992895	992895
-229541	229541
476231	476231
-869130	96570
828039	276013
873855	873855
-637691	637691
797544	8056
-528244	528244
58455	3897
-280015	280015
705702	352851
-813314	813314
-881239	881239
-581484	48457
968527	968527
551158	275579
-475312	475312
-665320	665320
-875798	875798
-911844	455922
-341141	341141
547524	547524
-718260	239420
-941600	94160
-589833	589833
-809924	809924
388170	129390
-475661	475661
539090	269545
718043	718043
-164549	14959
-955809	955809
193688	193688
-959002	959002
-837025	119575
-424969	424969
-792219	264073
-512824	512824
375075	375075
964715	964715
-918730	459365
827712	827712
-907822	907822
890017	890017
-759266	379633
527814	527814
871424	871424
-764930	764930
511434	511434
815855	815855
-985566	985566
957371	957371
-775392	775392
-273356	136678
-657843	657843
889896	889896
633972	316986
-415965	415965
-792108	792108
861275	3665
-804846	804846
-570233	570233
592140	118428
169594	169594
795966	265322
572755	572755
-468930	42630
-472151	472151
-654676	654676
-966088	966088
575970	575970
458008	229004
954074	954074
-453840	56730
466582	233291
-719192	179798
-745039	745039
429741	429741
891728	222932
957187	957187
-949228	474614
575787	191929
422374	211187
-971068	971068
-800288	400144
-780556	780556
40581	40581
-370399	370399
764939	764939
552636	276318
-449684	449684
-780422	390211
-539930	539930
-847284	282428
-679618	679618
-882035	882035
-380652	95163
404928	33744
-665836	166459
505384	252692
-545230	545230
-524485	524485
904264	13298
848162	424081
462748	231374
-656937	218979
-866769	866769
-637515	212505
-835578	835578
860474	430237
717808	179452
201865	201865
-964630	482315
-999522	111058
739422	739422
-323316	53886
659736	659736
578036	578036
686485	686485
-910303	910303
-669381	669381
-534054	534054
888879	888879
106105	106105
796039	796039
-791901	791901
-977272	244318
-368916	184458
-941962	941962
-648590	648590
898911	898911
-738641	738641
-854812	854812
-661465	18899
-749308	749308
-300866	300866
-631407	210469
949381	949381
511057	511057
-955678	955678
-697400	697400
902411	902411
-270338	270338
-717256	179314
-678744	678744
444396	222198
-900936	225234
-427455	142485
-958396	239599
551387	551387
-519810	519810
129326	64663
-499068	27726
209499	209499
-507117	507117
-299349	299349
-909664	909664
-761876	190469
-744565	744565
719736	719736
-742686	371343
429788	429788
-919758	153293
793862	793862
275024	137512
143250	2865
-677260	135452
946134	473067
-852746	852746
-443652	147884
709256	354628
-524184	174728
-780571	780571
-658478	329239
683687	683687
-246969	246969
794068	794068
935382	935382
948544	474272
726944	363472
651819	651819
203667	203667
208536	208536
-915588	915588
344205	344205
-89625	89625
-503175	503175
588936	588936
577697	577697
-692274	346137
960312	960312
744931	67721
-535512	535512
-143031	143031
-675300	225100
-604336	604336
318336	159168
-683549	683549
-406767	406767
594889	594889
-556746	185582
986765	986765
-631813	631813
649634	649634
-918764	459382
481482	53498
-871265	871265
-801241	801241
-976717	4501
-266955	266955
910630	182126
749545	749545
-662458	662458
386294	386294
850666	425333
478946	239473
504039	504039
-545787	545787
904634	452317
729864	729864
398564	398564
774784	774784
790528	790528
-723779	723779
-378480	94620
-790079	790079
-515285	103057
-795660	159132
497257	497257
801536	400768
165128	165128
825744	412872
891779	891779
713774	356887
-884242	442121
-953020	476510
786588	262196
-744211	744211
-967490	483745
741426	370713
821774	821774
-569856	569856
-632673	632673
820807	820807
-695942	695942
419340	27956
-894904	447452
-328112	328112
269922	89974
492838	246419
-629495	629495
-535093	535093
-592476	49373
921250	92125
-749914	374957
799838	799838
352590	176295
816118	816118
-742710	742710
861835	861835
-952313	952313
407330	58190
798647	798647
-708194	708194
-493580	123395
576680	576680
-723071	723071
691254	76806
560575	560575
-606627	606627
781400	781400
756511	756511
-634800	317400
-774293	774293
-552330	2907
-885447	885447
-907240	907240
-996287	996287
735780	735780
888904	444452
722445	722445
904824	904824
734386	367193
-488271	488271
-512396	128099
-500799	500799
542818	271409
831850	831850
-614402	307201
514398	514398
-831888	103986
-585738	585738
280384	140192
-575312	575312
-436482	436482
557397	557397
957816	106424
-792962	396481
-254053	254053
20916	20916
708972	708972
-944136	472068
985100	985100
-759663	253221
279924	69981
557936	557936
-940289	940289
-135571	135571
913993	913993
660904	165226
915722	457861
-80844	40422
394896	394896
-901601	901601
675298	675298
-228608	114304
826918	826918
854172	854172
-659492	329746
946379	946379
890073	890073
638098	319049
800690	160138
883172	883172
948320	474160
790552	28234
-768784	384392
-117648	117648
407982	203991
588487	588487
-1	-1
