5252	277281
539613	546769
203324	65269
763512	564053
193810	733475
-314823	468725
277664	371461
-351223	584203
-672142	381427
3637	703119
984225	708371
930510	509517
236387	923111
316792	143303
566618	35343
-550173	923155
417749	23709
89891	405135
609881	624605
594106	332975
-524616	97311
550484	581323
-473594	312495
-133248	270181
-112639	609215
-255047	525367
-633207	446853
-243088	555693
920783	825645
944613	285837
731145	180835
891149	392807
426364	434525
575923	469187
-688910	172963
-440767	512073
713556	930667
999392	538833
675562	942829
-579573	308013
-977302	117347
446488	481147
688038	76645
-289505	7311
-805249	185867
-385881	861429
530930	110505
-545608	87807
-854197	713387
492911	363593
-45573	743591
724963	221067
704577	751997
-793312	862501
855273	830647
517306	106179
666853	663913
-279406	543857
-841331	229051
584921	64235
-81712	285301
-302641	826131
416149	399161
-660697	916467
738214	455675
-536786	635939
332545	173877
-829737	275151
-129771	873215
532548	175857
-358679	271811
753136	400087
-844087	654653
-816113	170755
148198	417635
-337559	466535
-682292	443175
-906830	72941
228783	207931
397276	217897
88694	366095
143753	439491
-473962	356229
-56665	38521
-224106	998047
130937	633969
-954205	657127
587033	827249
-430137	432295
-972645	286665
-981472	337701
-816764	892573
557222	488825
-40939	420043
623547	485655
-466240	432145
989553	207807
-450181	234535
57092	51299
911462	124873
-400287	329385
629210	581111
144352	499645
265136	223803
-231669	998983
-535903	572427
-732710	613157
-884176	458893
513386	595019
-124049	215909
270408	692507
-7416	864909
786773	605063
18442	604045
-554346	803409
959957	60889
-153803	90627
748822	964731
309356	730117
-192323	554879
832935	89673
691453	644019
-38254	963779
-998211	620027
-933412	286037
39003	704993
-871233	973845
825071	528723
174358	359907
-742544	494429
362570	352041
-492225	200351
-930239	87609
889510	611603
363204	585447
-704627	878987
138126	198651
301899	690877
510006	772899
26977	573473
-154931	245279
740378	131145
109974	417723
-210169	956555
-885120	163783
911478	636947
-844578	210419
999510	986465
332598	791089
-945529	730603
-903104	378099
-13078	312173
-739600	895395
-918357	780515
-782405	157871
390726	518801
309898	34663
-296363	774551
87451	562149
-609238	26743
511035	338915
-250635	750661
168993	467751
514883	403455
33683	956497
700452	359249
373014	277291
451515	738521
469027	809789
-324294	74955
-880136	925691
862001	849975
58955	66779
-418203	640027
-379987	606807
501520	931101
-212663	128537
-473390	506891
-257435	503893
-29641	13755
969383	225601
-577276	417639
365177	490681
-166105	964071
-679388	699633
169658	52159
-308937	509755
534537	347339
414268	900807
332829	318445
214358	260293
843422	418895
-923318	133305
-711233	741659
-530320	750841
643001	501865
694381	637131
712863	348387
613740	747045
227928	366325
198768	665571
123536	390729
106431	409619
-35550	818243
557941	422681
-62039	575479
-31073	458155
-746193	565635
-454926	942355
-346498	615035
393955	63335
713187	342217
967161	434047
-514586	892201
-260779	835835
-118475	10693
-839814	465619
947124	565971
-340371	787997
918768	130213
402281	564259
-916867	972811
693999	356197
802756	366889
-642571	348859
106047	457607
199455	450135
164893	414001
-811457	443333
892067	218981
-459488	81801
-492119	393061
-513905	55697
-985582	867155
-287695	936007
663336	423005
700718	499301
534262	865323
603338	248829
-891033	524403
914060	850067
-246579	873437
-543659	16993
971132	891351
-699581	81257
-738925	330085
629958	854487
-544018	545155
138604	791735
-12041	574751
739798	108095
710930	447993
915534	617763
-823080	744513
502997	115351
-563367	151043
990155	289647
21246	112349
-22551	736795
733481	760979
850719	676513
-183891	117323
873443	342831
-493359	573079
-675419	563235
-784589	100833
-550990	307785
-466327	360825
743657	861857
420169	845065
-470532	962387
-343975	831839
-962458	869421
-415594	845781
-547724	396771
371861	944521
-310037	594543
-624699	955959
95231	918345
955559	195667
866254	336417
-417631	533267
243387	243767
643172	188287
-469561	17515
-361217	629099
-725045	439101
-606810	785677
621530	185573
-618437	345097
-35506	563471
813439	662273
-966009	543547
340733	499621
-669269	285297
-807151	162329
16283	860801
-877731	543483
-993443	356923
-172067	37427
-375710	309497
487261	986883
414628	272179
-221779	102891
-479335	355329
-897849	299533
441331	878623
-630417	916049
6127	741897
9740	996623
-88760	42481
-404395	331973
-556272	380113
-307879	337797
-539673	943535
628372	939485
-886620	868257
931454	328013
-147499	405605
-33912	737577
590185	176067
968669	483947
802370	905673
-906637	29687
-42359	961141
370372	981133
-246219	550155
-268845	760075
-352643	340323
45807	851621
246816	78943
538061	696051
524377	536667
40619	642603
519372	402677
-388367	164125
-227814	173763
77427	291035
299407	815413
684937	58695
61574	217649
97298	136677
-2017	300801
229831	28743
919946	802491
-978033	892093
11699	922449
-86508	254213
-287797	695831
-106103	733521
-889425	550673
-635608	579415
-71906	837251
-696072	32797
662108	890719
-923454	33667
302650	985449
-129466	700039
-26834	795805
-98740	665033
358904	276367
906314	983517
196399	802519
-294440	702013
279889	247469
584119	221323
379924	643195
-980471	873515
-426504	889111
-486566	311777
470082	768109
272601	766755
-482212	858695
717758	959167
932058	339091
-245099	640535
909899	504629
-534853	847443
923410	493863
-713454	672621
-652574	11711
-414025	669903
520460	388369
-850498	694357
-964785	344569
116640	872571
455047	563961
-622680	67223
-343025	402031
571458	768881
-782166	409419
843279	684357
-124765	598635
-856961	737667
-214434	600301
616322	667523
-475699	612573
218816	331501
165892	616733
464410	204355
958722	232835
376331	404943
581408	562973
-827751	84711
-368232	216085
-717001	948261
729890	479077
-830072	884019
-411481	447395
654963	78119
951727	529
-908402	885113
459511	101197
-176512	874277
22391	604167
-959780	599595
306205	234039
287432	749185
-411407	613881
344183	247401
-600690	476001
-1444	437665
18266	8729
-565133	757913
976541	644291
-962102	127565
-868800	315231
439452	548479
-383938	158629
297150	167357
-378636	441621
-355177	543189
211204	21643
-855121	729393
230086	61669
-972019	748833
739917	304115
382770	462743
679920	146451
-58556	141291
-267654	330731
-231686	512309
-755493	28683
591625	411453
548776	289577
596367	639145
766772	70495
25973	302181
346842	218711
-859150	128589
-429106	704549
840558	284481
-444756	605015
-250684	25971
220575	69363
-859719	896761
-446565	54889
748746	592667
483808	512735
-127054	831603
-670248	676999
-535961	282013
786645	824335
7220	410049
-383292	306809
829857	110945
-987067	764529
-985533	793615
-112587	325389
-842945	511989
-519943	146873
318307	929025
142641	365223
461894	264867
266097	94725
-377041	141571
-259204	451537
371791	901965
832332	297557
-955436	829791
664932	711365
643179	909277
-6352	776987
-944239	395777
-943722	814093
776055	160135
-945236	631923
671707	461713
852992	149309
405447	882685
29953	195413
608087	64485
711066	394929
487121	359543
-795530	864667
-773594	160999
-463023	192289
-677561	865299
322203	895253
990911	64799
953308	917501
396989	229383
723762	519329
-419879	982353
128519	366363
976334	442961
-871586	714971
-891277	676525
504743	159553
258635	629213
692487	957551
839498	456255
-484369	324489
-802003	339191
105790	781695
-352409	410907
-561248	252191
570661	473373
-27659	929627
512028	652037
488452	559423
-109924	5605
989131	345595
-72399	505167
518377	942449
-531644	507453
604887	675841
93340	162585
437335	722007
-63611	496409
361401	136335
-579390	189049
-503447	646191
445895	734515
-372592	339403
726018	949095
621258	62835
966392	462801
-46700	464693
699386	927651
-929657	201115
-298661	647011
-549528	888931
-355227	354377
-976486	656941
-169355	20901
-151041	891651
-302345	723969
-653772	273497
-282981	678779
154560	33155
131046	304339
680348	716563
-68220	586763
275606	825233
43124	661877
339049	17829
-167142	567335
-814540	857647
-635231	887859
-798160	604421
382733	988377
571983	780335
63578	622541
469428	236861
27143	211611
-336975	895105
-222300	225997
-618619	390515
-175740	511287
-558473	499663
130456	796349
710386	706301
769018	175729
5879	374757
-237202	102719
574177	997823
-312830	601399
-143088	293491
-132644	214235
15123	10583
725509	233235
494528	408963
16759	400613
-690025	799159
258533	552025
413559	414897
-451815	177325
-180287	188205
734838	803241
-868824	203853
558849	920397
-635873	977591
-123501	140941
840642	286433
690603	474637
425441	195953
-785908	475719
-72757	195923
-147958	573263
-844633	885233
429736	525087
-570676	579837
679784	966217
-287638	440853
229431	153157
-15340	946199
429041	94157
391434	938791
-276667	277367
-801753	990711
-374777	331983
-756973	485139
-288665	358581
708412	304779
137453	699379
854077	553141
687590	281919
-814106	783789
913591	608061
-915081	143541
-457191	578441
505758	369423
347804	797167
-511951	866659
-199541	148577
529999	355409
-100360	330619
-366960	455031
282041	102529
650495	288925
144222	8379
-527350	40269
503452	574787
858860	121617
828581	968587
-195541	423617
993934	232837
597557	893411
-252002	901789
295705	174693
-427111	457267
-548727	840201
33665	421399
-457281	88439
42586	730421
706448	223531
-599858	361237
-14661	956469
509266	131161
936377	588427
-1457	533165
366377	8757
-321769	51343
311733	298115
534533	37997
-650743	668743
111466	620733
-944067	73463
291788	341305
-688858	771805
-660025	686493
-921658	500959
-972543	209751
-468290	664277
-928639	775743
398198	222669
-986289	600171
-577560	8063
-611509	779867
-787886	344155
-585808	81861
456336	459835
511494	214663
664756	953683
-651045	553853
228605	959481
604364	255699
-392250	161843
345245	505997
931053	454727
795382	219151
549075	791115
-152187	259781
815001	980749
-942730	804473
598722	126921
597123	942667
-777699	496601
-837799	628915
-215208	705065
82982	695159
925143	637889
245967	258813
912036	902085
25511	410877
662101	907477
16252	469505
-645166	287227
756646	227415
-847879	901771
-296359	222753
309232	131065
901106	600569
-62624	588511
410798	387205
-794378	729367
-400538	826737
292041	265803
-904191	489391
-305397	620455
-722855	148069
-344594	252931
-755392	130435
316230	473523
608272	658093
-575505	147483
880902	505313
-905588	366259
-837978	99547
682992	323161
-608951	969947
-441534	831075
598430	489167
-690287	437291
691298	458955
-113239	825213
467569	141493
659172	885923
-466140	372221
-907674	473833
983187	136189
708301	573479
399599	32433
-29190	741739
-320860	154605
776645	285897
-477933	663757
473806	892145
657316	792435
793505	24387
-883335	681995
982536	240627
643329	358101
526952	329201
884979	832015
-977476	898107
987869	955849
-12256	356653
-920238	788773
-631423	556659
-270923	431111
314227	766819
630745	598833
-608221	588625
-22679	752085
494880	25497
-65701	370827
-801136	156857
179143	424181
-777702	544521
374094	996853
413	16227
551941	749351
-910933	585957
177113	393409
-513132	817589
-290834	773375
-57683	147469
545517	292859
700060	518673
965762	682347
998433	481119
-191530	288305
-481256	306195
684127	460221
-991397	753079
-207809	788103
-173571	114643
58396	179775
-733675	980079
-26933	535803
685569	614343
892645	982407
-352865	162311
872086	410399
543690	41393
118439	885825
-996192	509125
-383349	664233
-844205	127669
696799	440955
-405883	996323
578624	749337
-170134	418667
-784888	709495
290181	922647
-247487	806961
820382	993037
-685229	679523
620247	91323
131964	996377
850465	397455
-640824	720767
-461206	72259
-198084	39473
-714126	687187
707722	834407
278020	394297
424164	907025
-274629	304479
431805	369773
-613855	508887
-518946	739365
206133	962879
94900	926533
-692992	705217
705689	99513
129853	6537
-920834	373603
-368964	259727
982819	885803
-958500	921101
-826552	918679
125271	361563
-818263	66779
-523952	682643
-170157	32899
-476334	918215
-754688	771565
392738	730065
-140159	72969
366810	507999
492081	385913
-310344	479885
168037	917603
-373568	128149
388922	120835
87461	110309
178409	166559
-676027	74067
-860255	242105
-897413	615673
541913	961601
895875	424439
321800	224641
303944	986855
-546068	218333
-364945	770483
380876	342477
-447688	907891
118333	332329
-440134	862209
69601	603201
889897	30601
-393103	308353
-202216	526685
567162	49469
232109	574587
-579985	998829
-698319	331157
654805	709717
240758	238879
-859869	1163
939244	309515
-141460	836199
-708622	772755
-169049	22409
-9307	183357
-938118	566533
78919	725927
41147	766037
867013	728417
219563	423347
-850455	946017
-869718	968425
879025	423901
-361131	162239
214526	583259
276074	865647
143087	110415
362650	596549
-785996	645237
-717852	31307
-474748	426685
898648	72101
-497602	750691
-712128	182325
-532353	363787
642768	397975
755668	509865
129183	747717
706413	884585
-789574	382187
-840319	610667
990674	792991
-523027	673129
-682147	71103
-437815	97319
83350	638251
792292	655685
-602318	540269
391892	438807
232211	565825
739237	358815
778617	548295
-977116	931285
-371977	14635
-10227	397193
-115889	172511
111608	611317
860171	952741
-52307	625505
116954	286191
252703	802779
139610	913169
-126394	826713
758636	554741
-931146	198749
-542462	94573
-235955	563665
804615	800397
-991711	188243
759344	660043
841138	464761
-754306	724243
446775	482879
232548	414025
646282	472839
436539	225147
-826205	247321
-467682	158307
-838568	818349
-196058	799461
950364	768475
-176008	767705
-408557	698081
571191	594247
912417	458531
-9592	442565
340787	600871
-695708	935571
891766	947913
-922570	712977
-48830	411057
-136373	865479
-10744	10743
933945	536687
589045	29061
-89533	981301
68234	163927
295057	242835
369381	653891
505754	752219
682561	279315
-693303	571411
-693131	676809
-238544	229701
-876174	211001
-460761	878545
-233453	305753
-566481	10421
839888	220077
-927651	909653
-106584	148197
336285	949019
-803264	419085
525669	870743
-553899	505419
639646	661393
-252267	923539
303918	968467
-661554	352543
-725191	155807
-372316	91243
-414338	285081
-129548	755009
-355712	911007
533457	411371
-149170	715289
474439	377537
-83232	316051
-680543	84327
-419708	730227
-582088	147991
135748	190793
401667	339963
-276447	495219
-983098	842959
272674	442543
-105076	340087
551898	338415
798476	418677
-239739	632691
726089	573195
-273862	556293
633172	949631
75714	609175
-543286	465613
-95184	804027
-1	-1
