10	6973
20	5322
30	8439
40	8539
50	11477
60	14419
70	16220
80	18521
90	20994
100	21232
110	23906
120	27683
130	29920
140	30276
150	33786
160	36893
170	38403
180	39771
190	43157
200	45960
210	48326
220	49311
230	53234
240	53440
250	57775
260	57945
270	62449
280	61609
290	66159
300	81282
310	71426
320	72924
330	75508
340	77182
350	77366
360	80890
370	82159
380	84895
390	89281
400	91831
410	94148
420	98229
430	98748
440	99247
450	103327
460	104878
470	108283
480	107664
490	111281
500	115389
510	114843
520	118422
530	120345
540	122545
550	124297
560	130351
570	130815
580	134828
590	134422
600	140692
610	141147
620	143421
630	144614
640	147754
650	147116
660	154203
670	152680
680	154972
690	158327
700	161355
710	161193
720	166034
730	168621
740	196993
750	172857
760	174163
770	178945
780	180747
790	185700
800	188947
810	188962
820	188715
830	191253
840	194125
850	197614
860	204957
870	254223
880	254658
890	207635
900	211551
910	212755
920	216369
930	223739
940	220701
950	222587
960	228687
970	227034
980	418700
990	236067
1000	236133
