 3
    0 
   0
   0
 3
   1   3
   1   3
   2   2 1
 3
   0
   1   3
   1   2
 3
   1   3
   0
   1   1
 3
   2   3 2
   2   3 1
   2   1 2
 1
   0
 4
   2   4 2
   2   1 3
   2   2 4
   2   3 1
20
	2 13 2
	3 1 19 3
	3 2 20 4	  
	2 3 5
	2 4 6
	3 18 5 7
	3 17 8 6
	3 14 9 7
	3 10 16 8
	2 11 9
	2 12 10
	2 13 11
	2 1 12
	2 15 8
	2 14 16
	2 15 9
	2 18 7
	2 17 6
	2 2 20
	2 19 3 

23
	2 13 2
	3 1 19 3
	3 2 20 4	  
	2 3 5
	2 4 6
	3 18 5 7
	3 17 8 6
	3 14 9 7
	3 10 16 8
	2 11 9
	2 12 10
	2 13 11
	2 1 12
	2 15 8
	3 21 14 16
	2 15 9
	2 18 7
	2 17 6
	2 2 20
	2 19 3
	3 15 22 23
	2 23 21
	2 21 22


-1
